86.1666666667
72.0
76.5
70.5
74.0
70.8333333333
74.0
39.0
38.3333333333
40.0
75.0
23.0
45.0
89.0
81.0
36.0
48.0
62.5
74.0
36.0
55.0
100.0
99.0
78.0
29.0
87.0
93.0
50.0
29.0
33.0
21.8333333333
93.0
90.0
87.0
96.0
37.0
14.0
14.0
98.0
12.0
69.0
80.5
50.0
60.5
63.0
57.0
7.0
96.0
95.0
56.0
79.0
77.0
57.0
19.6666666667
51.0
58.0
81.0
100.0
67.5
100.0
44.0
29.0
34.0
14.0
75.5
40.0
68.0
21.0
88.0
77.0
69.3333333333
55.5
82.0
13.0
99.0
58.0
86.0
61.0
74.0
93.0
100.0
90.0
77.0
100.0
25.0
58.0
24.0
100.0
88.0
92.0
96.0
76.1
77.0
76.0
61.8333333333
98.0
91.0
59.0
54.0
11.0
49.0
38.5
2.0
9.5
78.0
40.0
57.0
70.0
79.0
70.0
64.0
22.0
54.0
79.0
93.6666666667
51.0
100.0
85.0
45.0
88.0
100.0
98.0
81.0
76.0
30.0
63.0
52.0
77.0
79.0
37.5
70.0
65.0
78.0
94.0
41.0
100.0
73.0
66.0
58.0
82.0
75.0
73.0
98.0
72.0
79.0
84.0
99.0
100.0
31.0
27.0
28.0
100.0
100.0
87.0
70.0
74.0
84.0
82.0
90.0
97.5
77.0
100.0
76.0
64.0
96.0
33.0
11.0
100.0
98.3333333333
78.0
100.0
50.0
63.0
100.0
24.0
51.5714285714
96.0
74.0
96.0
61.0
100.0
38.0
99.0
100.0
57.0
76.0
91.2222222222
50.0
25.0
75.0
79.5
81.0
66.0
36.0
1.0
34.0
30.0
70.0
77.6666666667
54.0
81.0
20.0
76.0
98.5
50.0
100.0
99.0
27.0
94.0
71.0
94.0
94.0
24.0
92.0
93.0
60.0
50.0
79.0
86.0
100.0
88.0
88.5
22.0
67.0
84.0
70.0
100.0
34.0
86.0
63.0
94.0
42.0
27.0
88.0
42.0
81.0
85.0
94.0
49.8
10.0
55.0
15.0
52.0
69.0
86.0
67.0
4.30769230769
52.0
70.0
94.0
69.0
100.0
100.0
41.0
88.0
99.0
70.0
81.5
35.0
72.0
28.0
23.0
99.4444444444
97.0
48.0
13.0
100.0
82.5
50.0
68.0
83.0
74.0
83.0
78.0
75.3333333333
76.0
100.0
50.0
92.0
88.0
26.0
53.0
63.0
100.0
51.0
22.0
42.0
19.0
38.0
60.0
81.0
37.0
25.0
73.0
55.0
74.0
54.1666666667
90.0
48.0
94.0
19.0
46.0
59.0
45.0
31.6666666667
98.0
39.5
94.0
67.0
58.0
43.5
93.0
30.0
55.0
38.0
23.0
74.0
68.0
46.0
37.0
51.3333333333
67.5
82.0
99.0
85.0
63.7142857143
80.0
73.1666666667
63.0
75.0
97.0
88.0
80.0
34.0
83.0
49.5
73.0
84.5
96.0
73.0
38.0
95.0
36.0
45.0
68.0
49.0
24.0
83.0
67.0
49.0
15.0
27.0
43.0
73.0
74.0
90.1666666667
100.0
83.5
81.0
82.5
37.0
100.0
49.0
92.0
66.5
100.0
100.0
66.0
70.0
60.0
39.0
94.0
92.0
54.0
92.0
86.0
100.0
73.0
75.0
92.4545454545
43.0
76.0
86.0
68.0
96.0
72.0
83.6666666667
58.0
58.5
44.0
36.0
72.0
12.5
41.1111111111
9.33333333333
40.0
37.5
31.0
56.0
99.0
77.0
32.0
45.0
81.0
80.0
78.0
50.0
34.0
98.0
85.0
16.0
52.0
59.0
60.0
58.0
91.0
100.0
94.0
75.0
63.0
57.5
99.0
90.0
48.6666666667
62.0
50.0
45.0
48.5
76.0
53.5
73.0
100.0
96.0
86.0
92.0
95.0
21.0
73.0
74.0
73.0
68.0
9.0
79.0
77.0
33.0
73.0
58.0
46.0
24.0
50.0
95.0
63.0
91.0
86.0
97.0
92.0
83.5714285714
33.0
100.0
50.0
94.5
96.0
79.0
99.0
97.0
67.0
49.5
68.0
94.0
100.0
77.0
92.0
42.0
49.0
52.0
78.0
15.0
68.0
17.0
56.5
3.0
75.0
67.0
95.0
97.0
100.0
43.0
46.0
40.0
47.0
100.0
62.0
20.0
24.0
60.0
12.0
78.0
81.0
73.2
38.0
64.0
98.0
79.0
90.0
100.0
99.5
64.0
61.0
90.0
18.25
69.0
31.0
63.0
86.0
88.0
54.0
92.0
74.0
71.0
44.0
19.0
18.0
18.0
22.0
16.0
45.0
8.0
90.0
21.0
97.0
50.0
55.0
52.0
81.0
67.0
36.0
36.5
11.0
94.5
72.0
77.0
79.6666666667
100.0
76.0
77.0
100.0
76.0
45.0
12.0
34.0
50.0
100.0
94.0
97.0
96.0
99.0
67.375
38.0
72.5
28.0
75.0
100.0
94.0
44.0
40.0
55.5
36.0
80.0
36.0
80.0
80.0
60.0
81.0
18.0
79.0
19.1428571429
32.0
80.0
15.0
90.0
77.0
94.0
91.0
100.0
35.0
83.0
24.0
51.5
94.5
95.0
87.0
38.0
100.0
94.0
5.0
12.0
94.0
81.0
82.0
52.0
66.0
78.0
55.0
76.0
30.0
98.0
98.0
90.0
99.0
100.0
92.0
74.0
37.0
31.0
88.0
60.0
69.0
88.0
93.0
84.0
77.5
18.0
61.0
33.0
62.0
92.0
99.0
95.0
63.0
88.0
93.0
70.0
93.0
23.0
92.0
36.0
82.5
46.0
12.0
17.8571428571
7.0
85.0
49.0
16.0
12.5
36.0
78.0
89.0
97.0
84.0
80.0
52.0
100.0
29.0
87.0
77.0
66.0
49.0
40.0
44.0
39.0
68.0
48.6666666667
57.0
74.0
99.0
44.0
76.0
99.0
57.6666666667
60.0
34.0
78.0
99.0
52.0
40.0
60.125
44.0
73.0
8.0
78.0
69.0
34.0
63.75
96.0
77.5
95.0
27.0
31.0
28.0
63.0
53.0
87.0
40.0
54.0
53.0
27.0
53.0
88.0
47.5
56.0
89.0
6.0
8.0
82.0
18.0
60.0
71.0
90.0
80.0
64.0
44.0
35.0
71.0
65.0
46.0
37.0
76.5
61.0
44.0
49.0
12.0
99.0
76.0
46.5
99.0
98.0
60.3333333333
78.0
55.5
89.0
57.4
40.0
76.0
62.0
30.0
85.0
66.1666666667
35.0
43.5
15.0
55.5
38.0
48.0
37.0
35.0
79.0
82.0
55.0
20.0
34.0
95.25
98.0
16.0
23.0
46.7142857143
35.0
99.0
76.0
42.0
99.0
13.0
76.7142857143
77.0
54.0
100.0
100.0
98.0
36.5
42.0
70.0
98.0
37.0
87.5
57.0
91.0
30.0
82.0
87.0
49.0
23.5
89.8333333333
85.0
28.0
12.0
96.0
86.0
78.0
97.0
83.5
34.0
87.0
88.0
79.0
38.0
70.4444444444
75.0
82.5714285714
56.0
36.0
50.0
20.0
79.0
96.5
96.0
95.0
91.0
94.0
67.0
69.0
65.0
100.0
52.0
14.0
82.0
18.0
62.0
97.0
100.0
89.0
86.0
100.0
75.0
97.0
76.0
93.6666666667
65.0
52.6666666667
49.5
64.0
8.0
40.5
67.0
23.0
13.0
37.0
35.0
35.0
78.0
38.0
40.0
91.0
99.0
91.0
84.0
56.0
79.0
56.0
42.5
56.0
38.0
43.625
22.0
98.0
16.0
59.0
77.0
64.0
43.5
30.0
45.0
75.0
75.0
48.0
100.0
100.0
70.0
67.0
44.0
64.3333333333
60.0
30.0
63.0
41.0
58.0
86.0
74.5
16.5
96.0
49.0
100.0
79.0
100.0
51.0
39.0
54.0
18.0
6.0
65.8571428571
36.0
59.0
100.0
100.0
55.0
97.0
53.0
88.0
11.0
40.0
67.0
96.0
79.8888888889
11.0
81.5
24.0
77.0
18.0
36.0
69.0
27.0
24.0
35.0
50.0
72.0
97.0
71.0
30.0
13.0
93.0
8.0
21.0
82.0
100.0
72.0
100.0
86.0
12.5
75.0
16.0
0.0
49.0
79.0
23.0
34.5
50.0
23.0
67.0
60.0
76.0
80.0
78.0
78.0
87.0
63.0
71.0
11.0
14.0
42.0
10.0
98.0
12.0
48.6666666667
83.0
23.0
58.0
57.75
52.0
41.0
54.0
9.0
50.0
58.0
58.0
54.0
9.5
36.5
48.3333333333
30.0
50.0
56.5
34.5
82.0
85.0
100.0
66.0
92.0
67.0
70.0
41.5
51.0
51.0
26.1666666667
23.0
18.0
19.5
43.0
20.0
66.0
56.0
43.0
76.0
55.0
37.0
75.0
73.0
25.0
31.4285714286
85.0
19.5
74.0
64.0
50.5
11.0
8.0
80.0
48.0
11.0
36.0
22.0
53.0
53.0
66.0
90.0
69.0
50.0
44.3333333333
12.0
12.0
51.0
50.0
29.5
12.0
50.25
82.0
38.1666666667
76.0
79.0
62.0
55.0
19.0
50.0
43.2857142857
98.0
74.0
43.5
39.0
93.0
91.0
27.0
54.0
69.0
75.5
57.0
12.0
48.0
97.0
75.0
90.0
87.0
75.0
49.0
95.0
42.75
78.0
75.0
49.0
76.0
11.0
99.5
90.0
50.0
74.0
92.0
24.0
79.0
66.0
76.0
58.0
78.0
74.0
61.0
76.0
83.0
86.0
82.0
85.0
47.0
2.5
82.0
97.0
87.0
22.0
23.0
88.0
77.0
98.0
89.0
82.0
92.0
95.0
58.0
46.0
55.0
100.0
33.0
35.0
58.0
81.0
100.0
66.0
74.5
88.0
36.0
76.0
62.0
61.0
41.0
69.0
31.0
58.0
98.0
62.0
88.5
12.0
44.0
82.0
89.0
59.0
55.8333333333
76.0
41.0
50.0
61.0
48.0
91.0
72.0
27.0
73.0
88.0
37.0
8.0
59.0
75.0
76.0
41.0
76.0
92.0
98.0
69.0
40.0
20.0
23.0
67.0
32.0
82.0
63.0
19.0
87.0
28.0
29.5
59.5
87.5
68.0
88.0
66.0
75.0
64.0
26.0
26.4
35.0
59.0
36.0
99.0
33.5
41.0
47.3333333333
13.0
27.6666666667
38.0
65.3333333333
99.0
47.5
76.0
91.0
87.0
82.0
45.6666666667
27.5
13.0
12.0
100.0
44.0
100.0
95.0
88.0
23.5
50.0
37.0
37.0
48.0
66.0
86.0
77.0
77.0
100.0
11.0
21.0
52.0
73.0
33.0
55.0
41.0
51.0
93.0
23.0
4.0
12.0
62.0
59.75
33.0
49.0
58.0
74.0
96.0
51.0
88.0
82.5
97.0
70.0
23.0
77.0
20.0
27.0
81.0
30.0
27.0
71.0
24.0
4.0
12.0
82.0
67.0
38.0
75.0
89.0
75.0
61.5
48.0
86.0
41.0
25.0
12.0
11.0
89.3333333333
80.0
77.0
40.0
64.0
42.0
58.0
47.0
40.0
80.0
50.0
83.0
84.0
78.0
57.0
78.0
29.0
84.0
100.0
97.0
80.0
23.0
94.0
100.0
98.0
73.0
50.0
100.0
4.0
62.0
90.0
74.6363636364
49.0
100.0
11.0
98.0
37.0
18.0
56.0
62.0
50.0
54.0
61.0
84.0
73.0
17.0
26.0
26.0
68.0
43.0
60.0
49.5
50.0
42.0
63.0
4.0
84.5
92.0
64.0
4.0
49.0
62.0
10.0
100.0
99.0
65.0
83.0
98.0
49.0
62.5
99.0
100.0
93.5714285714
98.0
95.0
23.0
74.0
50.0
69.0
90.0
78.0
76.0
64.0
24.0
32.0
65.6666666667
38.0
50.0
72.0
50.0
62.0
75.0
79.0
94.0
78.0
50.0
64.0
75.5
17.0
35.0
89.0
95.0
41.5
87.0
76.0
49.0
50.0
49.0
66.5
75.5
23.0
17.0
42.0
82.0
87.5
82.0
76.0
50.0
19.0
52.0
68.0
66.0
51.0
91.0
48.3333333333
63.0
53.0
51.3333333333
12.5
20.5
30.0
37.0
50.0
62.0
20.0
13.5
25.0
40.6666666667
38.0
86.0
80.0
37.0
36.0
37.5
71.0
23.0
50.0
36.0
48.5
76.0
56.5
39.0
92.5
49.0
56.0
68.0
18.5
95.5
47.0
66.0
25.0
51.0
84.0
70.0
30.0
50.0
80.0
100.0
73.0
69.0
90.0
75.0
18.0
75.2857142857
45.0
41.0
52.0
22.0
41.0
0.0
72.0
76.0
93.5
98.0
76.0
76.0
76.0
96.0
53.0
87.0
57.0
56.0
76.0
96.0
49.0
12.0
20.0
42.0
88.0
58.0
80.0
41.0
98.0
53.0
78.0
46.0
24.0
59.0
67.0
23.0
66.0
84.0
41.0
50.0
55.5
12.0
32.0
49.0
100.0
98.0
49.0
72.0
50.0
63.0
36.0
100.0
76.0
7.0
50.0
43.0
96.0
14.0
78.0
83.0
95.0
61.0
88.0
56.0
43.0
57.0
77.0
18.0
55.0
10.0
55.0
66.5
63.0
54.0
38.0
23.0
78.5
77.0
87.0
23.0
76.0
50.0
57.8333333333
73.0
22.0
11.0
10.0
15.0
36.0
24.0
93.0
100.0
76.0
22.0
95.0
67.0
80.5
75.0
78.0
69.0
22.0
59.0
36.0
35.8181818182
52.0
24.0
52.0
54.0
50.0
73.0
32.0
9.0
47.0
67.0
28.5
62.0
78.0
98.0
83.0
50.0
47.875
71.0
43.0
73.0
75.0
46.0
100.0
13.0
22.0
100.0
69.0
45.0
100.0
86.0
11.0
83.0
30.0
69.0
27.0
60.0
82.0
40.6666666667
64.0
32.0
45.0
75.5
41.0
62.0
65.0
40.0
52.3333333333
28.0
46.0
56.0
76.0
58.0
92.0
100.0
100.0
99.0
41.0
95.0
77.0
55.0
40.0
58.0
12.0
75.0
31.0
42.0
37.0
26.0
88.6666666667
56.0
99.0
85.0
86.75
86.0
70.0
19.0
73.0
55.0
35.0
99.0
66.0
40.0
28.0
42.0
43.0
65.0
96.0
55.0
79.0
100.0
59.0
76.0
24.1666666667
24.0
62.0
88.0
25.0
60.0
50.0
56.0
49.0
45.0
43.0
36.0
26.0
78.0
66.0
73.0
40.0
76.6666666667
0.666666666667
14.5
78.0
15.0
23.0
64.0
49.0
41.0
22.5
6.0
30.0
48.0
27.0
36.0
32.0
17.5
32.0
27.0
41.0
98.0
28.5
39.0
4.5
36.8888888889
16.0
24.0
9.0
26.0
28.0
20.0
64.0
37.0
18.0
10.0
61.0
86.5
87.0
33.0
40.0
24.0
53.8333333333
73.0
34.0
12.0
41.0
22.0
76.0
99.0
69.0
32.0
46.0
73.0
72.0
49.0
25.0
3.0
44.0
97.0
71.0
77.75
96.0
92.0
93.0
80.5
87.0
32.0
76.0
29.0
12.0
30.5
24.0
75.0
76.0
57.0
39.0
39.0
54.0
18.0
12.0
36.0
8.0
77.0
72.0
72.0
68.0
75.5
49.0
88.0
76.0
29.0
42.0
88.0
92.0
74.0
76.0
36.0
87.0
77.0
91.0
41.0
12.0
37.0
75.0
62.0
52.0
23.25
70.5
39.0
51.0
92.0
43.0
36.0
83.0
15.0
95.0
16.0
12.0
51.0
99.0
24.0
40.0
22.0
65.0
36.0
37.0
14.0
22.0
78.0
64.0
76.0
69.0
52.0
20.0
91.0
59.0
50.0
73.5555555556
95.0
100.0
33.0
58.0
80.0
82.0
77.0
90.0
51.0
54.0
58.0
86.0
43.0
93.0
27.0
73.0
86.5
85.0
46.0
97.0
99.0
99.0
92.0
18.0
21.0
64.0
22.0
36.0
31.0
37.0
50.0
31.0
35.0
31.0
10.0
40.0
60.0
62.0
91.0
73.0
18.0
11.0
52.0
18.0
71.0
62.0
68.0
35.0
75.0
50.0
68.375
44.0
24.0
50.6666666667
37.0
9.0
49.0
70.0
63.0
84.0
39.5
27.0
97.5
44.0
88.0
74.0
93.0
44.125
23.6666666667
42.0
17.0
83.5714285714
49.0
36.0
17.0
59.0
0.0
37.0
6.0
34.0
23.0
17.0
57.0
78.0
23.0
73.0
50.0
41.0
64.0
76.0
26.0
15.0
11.0
50.0
60.0
76.0
92.0
75.5
48.5
78.0
63.0
89.0
67.0
63.0
49.0
62.0
76.0
26.0
50.0
88.0
94.0
32.5
97.0
20.5
49.0
69.0
34.25
88.375
95.0
89.0
100.0
97.0
51.0
73.0
92.0
57.0
67.0
58.0
6.0
35.0
55.0
78.0
88.0
69.6666666667
7.33333333333
87.0
87.0
75.0
68.0
36.0
49.5
41.5
60.0
52.0
45.0
40.0
20.6666666667
63.0
73.0
26.0
24.0
75.5
50.0
64.0
76.0
72.0
24.0
50.0
76.0
63.0
71.0
87.0
30.0
71.0
44.0
31.0
68.0
50.0
23.0
25.0
12.0
60.0
41.0
85.0
67.0
72.0
23.0
49.0
97.0
44.0
21.0
49.0
97.0
44.4444444444
13.0
15.5
72.0
39.0
40.0
71.0
29.0
50.0
83.0
62.0
58.0
94.0
69.0
75.0
92.5
98.0
76.0
74.5
96.0
41.0
73.0
94.0
96.0
67.0
89.0
89.0
62.8333333333
81.0
23.0
55.0
74.0
42.0
38.0
31.0
67.0
13.0
36.0
76.0
50.0
85.1666666667
23.0
59.0
100.0
57.0
80.0
74.0
50.0
76.1666666667
69.0
77.0
88.0
13.5
99.0
74.0
99.0
71.0
79.5
29.5
96.0
92.0
16.0
70.5
55.0
91.8333333333
74.0
12.0
9.0
10.0
75.0
20.0
74.0
19.0
67.0
27.0
43.0
24.0
98.0
48.0
99.0
75.0
63.0
98.0
99.0
92.5
99.0
51.5
88.0
76.0
48.0
76.0
75.25
99.0
52.0
35.0
50.0
23.0
69.0
81.0
98.0
59.0
34.0
85.0
62.0
57.0
46.4285714286
45.0
50.0
63.0
96.0
82.0
23.0
99.0
11.0
49.0
99.0
95.0
100.0
100.0
99.0
100.0
54.0
89.0
24.0
95.0
97.0
66.5
60.3333333333
94.0
86.0
85.0
60.0
78.0
77.0
50.0
97.0
41.0
44.0
52.0
72.0
87.0
30.0
60.0
50.0
76.0
76.0
100.0
69.0
63.0
82.0
81.0
99.5
55.0
100.0
94.5
91.0
94.0
100.0
63.0
100.0
100.0
41.8888888889
73.0
84.0
100.0
90.0
90.0
46.0
69.0
87.0
96.0
48.0
69.0
28.0
64.0
40.0
76.0
36.0
38.0
74.0
78.0
99.0
85.0
88.0
76.0
82.5
73.5
96.0
88.0
65.5
97.0
62.0
100.0
80.0
41.5
97.0
67.0
69.0
44.0
100.0
96.0
76.0
94.0
82.6666666667
76.0
28.0
94.0
99.0
89.0
37.0
80.0
47.0
90.0
50.0
50.0
76.0
19.0
11.0
22.1666666667
98.0
56.0
45.6666666667
75.0
19.0
29.0
57.0
70.0
93.0
73.0
36.0
58.0
55.0
33.0
82.0
34.5
58.0
76.0
89.0
97.0
72.875
96.0
50.3333333333
54.0
80.2222222222
65.0
93.0
46.0
41.5
21.0
79.0
92.0
60.0
36.0
65.0
87.0
53.0
6.0
23.0
67.0
27.0
76.0
77.0
17.5
93.1666666667
100.0
13.0
34.0
83.0
41.5
88.0
94.0
41.0
74.0
64.0
58.6666666667
100.0
90.0
69.0
67.0
94.0
35.0
49.0
77.0
66.0
99.0
78.0
100.0
100.0
69.0
76.0
96.0
93.0
82.75
85.0
93.0
64.0
74.5
90.0
51.0
10.0
49.0
70.0
69.0
97.0
62.0
81.0
62.0
87.0
87.0
99.0
73.0
90.0
99.0
83.0
93.0
23.0
35.0
88.5555555556
50.0
34.6666666667
30.0
53.0
54.0
31.0
36.0
56.5
60.0
95.0
62.0
10.0
85.0
68.0
40.0
50.0
59.0
83.0
100.0
63.0
67.0
78.0
40.0
11.0
60.0
49.0
99.0
57.0
52.0
84.0
96.0
69.0
69.0
61.0
76.0
98.0
87.0
100.0
49.0
50.0
36.0
49.0
61.0
23.0
10.0
37.0
68.0
45.5
65.2857142857
50.0
95.0
81.0
61.0
12.0
56.6666666667
86.0
36.0
68.0
71.0
50.0
99.0
87.0
100.0
78.0
96.0
69.0
96.0
38.0
51.0
11.0
94.0
91.3333333333
5.0
63.0
69.0
75.0
78.0
51.0
76.0
76.0
75.0
100.0
80.0
66.0
88.0
97.0
47.0
40.0
79.0
61.0
36.0
42.0
43.0
53.0
68.0
59.0
22.0
63.0
21.0
50.0
39.0
97.0
83.0
100.0
88.0
95.0
88.0
12.0
32.0
93.0
95.5
70.0
62.0
76.0
87.0
44.0
29.0
40.5
33.0
11.0
47.0
24.0
33.0
93.0
66.0
63.0
66.0
67.0
58.0
35.0
44.0
81.0
96.0
93.0
96.0
99.0
87.0
54.5
51.6666666667
36.0
23.0
17.5
84.0
18.0
90.2222222222
49.0
72.0
81.0
100.0
100.0
7.0
100.0
89.0
82.0
89.0
29.0
76.5
100.0
69.0
76.0
94.5
99.0
95.0
17.0
63.0
98.0
20.0
85.0
92.0
57.0
24.0
26.3333333333
61.0
62.0
77.0
0.0
61.0
74.6666666667
85.0
86.0
77.0
100.0
100.0
27.5
78.0
41.0
62.375
42.5
64.0
46.0
78.0
97.0
88.0
99.0
63.0
94.0
53.1666666667
82.0
94.0
55.0
90.0
85.0
49.0
92.0
60.0
26.0
49.0
78.0
46.0
100.0
90.0
94.0
99.0
75.1428571429
89.0
100.0
87.0
77.0
78.0
30.0
28.0
69.0
34.0
20.0
33.0
88.0
72.0
89.0
68.0
50.0
100.0
79.0
54.5
88.0
92.0
53.0
64.0
75.0
99.0
1.0
22.0
87.0
50.0
54.0
35.0
34.0
18.0
69.0
76.0
98.5
36.0
100.0
96.0
100.0
88.0
56.1428571429
100.0
44.0
28.0
57.0
93.0
100.0
61.0
61.0
84.0
100.0
38.0
76.0
50.0
90.0
89.0
73.0
65.0
37.0
20.0
60.0
33.0
24.0
59.0
84.0
100.0
83.0
79.0
39.0
100.0
29.0
53.0
80.5
63.0
67.0
24.0
42.0
24.0
28.3333333333
100.0
98.0
73.0
11.0
7.5
2.0
79.0
93.0
92.0
40.0
83.0
30.0
100.0
100.0
48.5
99.0
82.0
52.0
61.0
52.4444444444
49.0
62.0
100.0
53.0
64.0
46.0
38.0
90.0
67.0
62.5
81.5714285714
95.0
33.0
60.0
27.0
74.0
24.0
52.0
50.0
76.0
77.0
60.8181818182
91.0
26.0
83.0
52.0
91.5
98.0
91.0
58.3333333333
94.0
87.0
95.0
81.0
100.0
93.0
93.0
37.0
2.0
97.0
77.0
97.0
81.0
90.0
93.0
100.0
100.0
34.5
94.0
10.0
96.0
46.0
42.0
23.0
62.0
57.875
14.0
100.0
100.0
83.0
90.0
86.0
87.0
87.0
37.0
37.0
75.0
74.0
10.0
100.0
99.0
14.0
54.3333333333
75.0
89.0
88.0
76.8333333333
60.0
57.0
35.0
86.0
43.0
81.0
56.0
43.5
34.0
47.3333333333
49.0
57.0
23.0
100.0
94.0
67.0
91.0
29.0
35.0
75.0
80.0
100.0
76.0
96.8333333333
49.0
71.0
6.0
68.0
84.5
84.0
54.0
100.0
75.0
88.0
76.0
68.125
87.0
10.0
89.0
76.0
50.0
89.0
74.0
96.0
95.1666666667
26.0
61.0
50.0
49.0
80.0
24.0
75.0
50.0
77.0
12.0
13.0
34.0
21.0
31.0
3.0
75.0
60.0
60.0
44.25
32.0
62.0
62.0
26.0
65.0
44.0
75.5
50.0
43.0
91.0
91.0
91.0
24.0
35.0
24.5
21.0
76.0
96.0
67.0
49.0
72.5
77.0
32.0
46.8333333333
60.0
79.0
43.0
29.0
33.5
100.0
99.5
18.0
83.0
29.0
66.0
43.0
62.0
59.0
68.0
20.6666666667
57.0
12.0
41.0
3.0
94.0
40.5
100.0
56.0
88.0
93.0
48.0
74.0
80.0
87.0
52.0
43.0
69.1428571429
72.5
76.0
83.0
45.0
16.0
70.0
77.5
98.0
98.0
78.0
24.0
33.0
71.3333333333
44.0
69.0
57.0
78.0
47.0
5.0
91.0
72.0
39.0
28.0
12.0
66.0
50.0
65.0
44.5
95.0
76.0
54.0
44.0
35.0
19.0
97.0
89.0
92.0
78.0
100.0
72.625
8.0
17.0
88.0
76.125
81.0
78.0
74.0
87.0
33.0
87.0
85.0
90.0
46.0
40.5
51.0
64.0
60.0
24.0
1.0
16.0
23.0
11.0
17.0
23.0
11.0
70.0
89.0
72.0
100.0
23.0
63.0
59.0
11.0
10.0
63.0
94.0
80.0
45.0
97.0
88.0
44.0
85.0
77.0
61.0
24.0
63.0
24.0
51.0
76.0
11.0
23.0
35.0
69.0
99.0
75.0
31.0
23.5
70.0
30.0
55.0
90.0
95.0
26.0
13.0
43.0
31.0
61.0
57.0
94.0
96.0
79.0
54.0
98.0
11.0
73.75
94.0
100.0
56.0
52.0
61.0
47.5
61.0
62.0
81.75
37.8333333333
88.0
71.0
44.0
89.0
99.0
88.0
77.0
85.0
66.0
77.5
63.0
51.0
32.0
87.0
96.0
88.0
98.0
77.0
60.0
74.0
10.0
71.0
75.0
86.6666666667
35.0
75.0
24.0
93.0
91.0
100.0
24.0
66.0
33.0
88.0
65.0
31.0
45.0
22.0
63.0
70.0
43.0
100.0
56.8333333333
100.0
33.0
82.0
70.0
40.0
11.5
45.0
61.0
76.0
75.0
50.1666666667
30.0
63.5
96.0
36.0
59.3333333333
69.0
56.0
64.0
30.0
86.0
62.0
65.0
100.0
50.0
77.0
88.0
61.0
49.0
86.0
76.0
72.0
94.0
93.0
80.0
59.0
76.625
70.0
62.0
98.0
93.0
27.0
96.0
97.0
100.0
51.0
85.0
82.0
36.0
37.0
36.0
24.0
11.0
18.0
53.0
50.0
74.0
5.0
2.0
23.0
84.0
79.0
54.0
27.5
83.0
97.0
79.0
88.0
93.0
87.0
95.0
86.5
91.0
100.0
46.5
6.0
59.0
21.0
45.0
60.0
25.0
39.0
39.0
38.0
26.0
95.5
63.0
78.0
60.5
99.0
45.0
92.4444444444
100.0
94.0
84.0
3.0
46.0
7.0
13.0
25.0
41.0
35.0
100.0
9.0
8.0
37.0
38.0
15.0
50.0
53.0
54.0
86.0
65.0
96.0
63.0
62.0
62.0
9.0
72.5
23.0
83.0
35.0
20.0
18.0
57.0
69.0
10.5
1.0
94.0
11.0
12.0
11.0
2.0
39.0
43.0
21.0
41.0
47.0
24.0
57.0
13.0
53.0
36.0
48.0
36.0
35.0
39.0
44.0
9.0
99.0
9.5
51.5
79.0
99.0
49.0
89.0
32.0
56.0
63.0
94.0
73.0
40.0
53.4444444444
34.6666666667
53.0
84.0
35.0
83.0
100.0
86.0
10.0
75.0
5.0
6.0
26.0
36.0
42.0
11.0
5.0
46.0
2.0
8.0
5.0
20.0
26.0
45.3333333333
62.0
36.0
45.0
100.0
96.5
49.0
68.0
4.0
87.0
29.0
44.0
27.8333333333
21.0
33.0
56.0
82.0
51.0
99.0
72.0
41.0
66.0
28.0
20.0
77.0
100.0
38.0
100.0
49.0
34.0
26.0
23.0
16.0
42.0
42.0
64.0
59.0
44.0
11.0
88.0
18.0
73.5
19.0
85.0
96.0
88.0
62.0
38.0
19.3333333333
50.0
45.0
16.5
17.0
14.0
100.0
88.0
29.5
100.0
49.0
98.0
91.0
19.0
100.0
100.0
88.0
78.0
76.0
13.0
37.3333333333
45.0
89.0
84.0
94.0
21.0
57.0
76.0
76.0
38.0
63.0
82.5
70.0
43.0
78.0
50.0
52.5
86.5
76.0
63.0
72.0
70.0
96.0
100.0
35.0
83.0
22.0
84.0
78.0
79.0
62.0
88.0
36.0
92.0
65.0
99.0
94.0
68.0
100.0
75.0
96.0
88.0
92.5
87.0
68.0
21.0
61.0
100.0
70.0
76.0
49.0
86.4285714286
69.0
80.0
34.0
50.0
83.0
50.0
26.0
47.0
49.0
40.0
76.0
85.0
63.0
79.0
58.5555555556
70.0
93.0
100.0
91.0
95.5
100.0
92.0
58.0
75.0
59.0
75.0
79.4285714286
77.0
91.0
77.0
38.0
100.0
14.0
73.0
64.5
50.3333333333
95.0
49.0
98.0
95.0
82.0
95.0
36.0
83.0
88.0
96.0
83.0
96.0
72.0
37.0
22.0
21.6666666667
94.0
11.0
100.0
66.0
50.0
51.1111111111
44.5
100.0
92.0
83.0
44.0
100.0
65.0
53.0
93.0
98.0
91.0
53.0
99.0
77.0
18.5
76.0
60.0
98.0
87.0
55.6666666667
100.0
45.0
71.3333333333
95.0
88.5
53.0
98.0
24.0
55.0
66.5
84.0
93.0
90.0
16.0
87.0
67.3333333333
79.0
63.0
49.0
85.0
76.5
35.0
100.0
54.0
72.0
37.0
64.0
46.0
78.0
71.0
74.8888888889
68.0
35.0
22.0
65.0
92.0
54.0
71.0
100.0
97.0
90.0
64.0
95.0
65.0
73.0
65.0
86.0
88.0
98.0
97.0
80.0
98.0
50.0
34.0
10.0
11.0
18.0
26.0
65.6666666667
99.0
5.0
50.0
42.0
25.0
69.0
55.0
75.5
64.0
8.0
35.3333333333
26.0
93.0
100.0
100.0
98.0
99.0
55.0
58.2222222222
76.0
69.0
61.0
17.0
72.0
93.0
81.0
43.5
63.0
72.0
37.0
51.0
100.0
98.0
100.0
94.0
84.0
83.0
66.0
56.625
87.0
64.5
100.0
82.5
85.8333333333
55.0
88.0
76.0
73.0
74.0
26.0
70.0
72.0
25.0
66.0
92.0
47.0
83.5
93.0
76.0
80.0
69.0
90.0
73.0
93.0
81.0
42.0
59.0
100.0
88.0
33.0
9.0
69.0
81.0
100.0
93.0
42.0
96.0
70.0
100.0
99.5
62.5
76.0
22.0
65.0
38.0
49.0
99.0
61.0
100.0
90.5
96.0
80.5
76.0
100.0
78.0
71.8333333333
42.0
81.0
55.0
86.0
77.5
76.0
42.75
48.0
60.0
52.0
64.0
85.0
31.5
16.0
72.5
23.5714285714
63.0
11.0
72.0
49.0
87.0
93.0
94.0
29.0
63.0
59.0
36.0
100.0
86.0
63.0
52.0
36.0
26.8333333333
61.0
78.0
45.0
28.0
19.0
93.0
32.5
52.6666666667
45.0
45.5
54.0
88.0
95.0
97.0
89.0
95.5
87.0
100.0
81.0
77.5
99.0
62.0
70.0
100.0
69.0
51.0
21.0
14.0
61.0
45.0
76.0
63.0
49.0
99.0
100.0
60.0
76.0
57.0
41.0
87.0
98.0
76.0
71.5714285714
99.0
78.0
24.0
100.0
93.0
53.0
100.0
100.0
11.0
93.0
93.5
98.375
71.0
96.5
93.0
99.0
93.0
54.0
61.0
100.0
100.0
49.875
74.0
94.0
94.0
49.0
50.0
50.0
62.0
96.0
75.0
86.0
83.0
38.0
31.25
41.0
96.5
88.0
37.0
36.0
96.0
77.0
95.0
58.0
24.0
61.0
100.0
53.0
36.0
13.0
89.5
27.0
51.0
85.0
82.0
58.0
48.5
19.0
42.0
52.0
45.0
79.0
58.0
26.0
25.0
43.0
56.0
67.0
3.0
50.0
58.5
79.2222222222
78.0
77.0
92.0
75.0
100.0
55.0
100.0
58.0
40.0
52.0
76.0
78.0
68.0
53.1666666667
54.0
39.0
23.0
17.0
63.8571428571
44.0
80.0
81.0
13.0
22.0
27.0
24.0
77.0
54.0
72.0
93.0
81.0
84.0
50.0
87.0
78.0
93.0
82.0
71.0
76.0
86.0
96.0
40.0
47.0
51.5
62.0
73.0
9.0
95.0
91.0
76.0
71.0
73.0
83.0
52.0
54.0
76.0
24.0
60.0
49.0
20.0
81.6666666667
100.0
94.5
92.0
76.0
14.0
81.5
100.0
100.0
97.0
89.0
62.0
46.5
62.0
99.0
51.0
100.0
98.0
99.5
64.0
64.0
22.5
66.0
76.0
76.0
91.0
88.0
84.0
99.0
81.0
93.0
87.0
87.0
100.0
95.0
76.0
99.0
72.0
89.0
81.0
100.0
100.0
100.0
84.5
100.0
89.1666666667
74.0
44.0
72.8333333333
95.0
52.0
97.0
63.0
97.0
97.0
85.0
78.0
53.5
90.8333333333
93.0
71.0
84.0
36.0
98.0
67.5
64.0
84.0
81.3333333333
39.0
77.5
37.0
62.5
87.0
94.0
75.0
87.0
77.0
100.0
79.0
49.0
49.0
68.0
96.0
49.0
81.0
78.6666666667
67.0
31.0
50.0
58.0
97.0
98.0
96.0
9.0
99.0
69.0
57.0
24.0
70.0
26.0
92.0
79.0
34.1666666667
55.1666666667
50.0
83.0
50.0
100.0
36.0
82.0
100.0
100.0
93.0
88.5
90.0
74.0
93.0
88.6666666667
40.0
100.0
88.0
41.0
51.0
87.0
77.0
50.0
100.0
98.0
54.1666666667
100.0
100.0
68.1666666667
70.0
35.0
15.0
28.0
82.0
96.5
100.0
83.0
52.0
2.0
35.0
32.0
97.0
100.0
87.0
73.0
66.0
69.0
89.0
55.0
100.0
85.8333333333
49.0
66.0
96.0
100.0
96.0
60.0
100.0
68.0
89.0
69.0
82.5
78.0
98.0
100.0
97.0
62.0
84.0
100.0
61.0
74.0
50.0
54.0
88.0
69.0
82.1428571429
97.0
15.0
62.5
24.0
100.0
17.0
2.0
64.0
73.0
55.0
3.0
35.0
53.0
49.0
36.0
57.0
82.0
81.0
76.0
62.0
60.0
32.0
79.0
74.0
38.0
71.0
100.0
79.0
87.0
99.0
23.0
97.0
72.0
73.5
29.0
58.0
49.0
50.0
88.0
97.0
84.5
75.5
87.0
75.0
34.0
17.0
41.0
50.0
12.0
8.0
83.0
14.0
78.0
100.0
22.0
21.0
95.0
24.0
81.0
76.0
75.0
94.0
27.0
91.0
100.0
64.0
44.0
54.5
35.0
74.5
54.0
35.5
25.0
15.0
94.0
30.0
78.0
72.1666666667
76.0
65.0
75.0
96.0
61.0
62.0
100.0
77.0
99.0
92.0
95.0
87.0
90.0
49.0
42.0
95.0
42.0
79.0
88.75
53.0
99.0
77.0
48.5
87.0
76.0
97.0
95.0
49.0
50.0
47.5
35.0
100.0
44.0
80.0
87.0
78.0
98.0
70.0
82.0
80.0
88.0
98.0
58.0
100.0
55.0
84.0
61.0
94.0
38.0
94.0
100.0
100.0
98.5
100.0
84.0
57.125
81.0
50.0
97.0
2.0
96.0
38.0
59.0
7.0
84.0
50.0
15.0
50.0
77.0
76.0
72.0
90.0
61.0
50.0
77.0
92.0
74.0
72.5
96.0
64.0
100.0
26.0
98.0
87.0
94.0
77.0
53.0
24.0
97.0
79.0
57.0
82.5
100.0
77.0
74.0
34.0
68.0
27.0
63.0
99.0
71.0
86.0
89.0
94.0
92.0
92.0
62.0
89.0
61.0
100.0
100.0
47.0
57.0
65.5
18.0
54.5
12.0
45.0
14.0
50.0
81.5
55.0
93.0
51.0
38.0
64.0
59.0
29.0
66.0
76.0
36.0
8.0
63.5
26.0
35.5
50.0
33.0
65.0
99.0
24.0
60.0
23.3333333333
26.0
51.0
45.0
90.0
79.0
59.0
65.8333333333
63.0
35.0
100.0
87.0
2.0
100.0
77.0
87.625
50.0
88.0
96.0
66.0
91.0
100.0
100.0
79.0
100.0
100.0
100.0
100.0
11.0
79.0
89.0
75.0
71.0
83.0
100.0
37.0
87.0
94.0
48.0
49.0
43.0
70.0
18.0
1.0
20.0
21.0
29.0
46.0
33.0
23.0
64.0
39.0
31.0
33.0
35.0
87.0
68.0
38.6666666667
80.0
23.0
99.0
81.0
35.0
95.0
73.0
64.0
66.1666666667
38.0
19.0
55.0
78.0
69.5
50.0
39.5
47.3333333333
49.0
76.0
36.0
88.0
50.0
66.0
79.0
38.0
72.0
87.0
65.0
50.0
67.5
53.3333333333
90.0
100.0
83.0
90.0
22.0
51.0
76.0
47.0
84.0
67.0
97.0
82.0
78.3333333333
56.0
45.0
21.0
38.0
12.0
17.0
8.0
3.0
74.0
76.0
73.0
88.0
49.0
41.0
93.0
77.0
38.0
14.0
81.0
95.0
85.0
53.0
61.0
96.0
97.0
94.0
64.0
48.0
96.0
93.0
90.0
66.0
68.0
35.0
76.0
37.0
62.0
79.5
60.1666666667
73.0
59.0
89.0
78.0
51.0
42.0
70.0
11.0
100.0
26.0
83.0
93.0
82.0
49.0
74.0
76.0
60.0
80.0
42.0
50.0
48.0
14.5
30.0
62.0
80.0
81.0
76.0
93.0
84.0
60.0
87.5
83.0
77.0
28.0
73.0
62.5
100.0
42.0
29.0
53.0
11.0
49.0
26.0
27.0
75.0
28.0
95.0
58.5
50.0
87.0
77.0
24.0
31.0
76.0
50.0
76.0
35.0
55.0
24.0
20.0
62.0
12.0
99.0
21.0
94.0
48.0
40.3333333333
41.0
70.0
72.0
94.0
82.2
79.0
98.0
47.1428571429
13.0
44.0
73.0
16.0
38.0
71.0
50.0
59.0
60.0
42.0
27.0
21.0
8.0
20.0
58.0
58.0
50.5
73.0
22.0
22.0
59.0
30.0
76.0
97.0
100.0
59.0
75.0
74.0
77.0
28.0
76.0
78.0
28.0
70.0
66.0
70.0
23.0
67.6666666667
60.0
60.0
44.0
62.0
35.0
0.0
34.0
6.0
20.0
8.0
75.5
41.5
63.0
1.0
88.0
100.0
77.5
67.0
33.3333333333
50.0
22.0
40.0
40.0
73.0
47.0
86.0
25.0
63.0
49.0
32.0
17.0
32.0
55.6666666667
84.0
72.0
76.0
64.0
96.0
41.0
48.0
55.0
58.0
65.0
23.25
86.0
90.5
99.0
43.0
56.5
87.0
52.0
88.0
99.0
37.0
62.0
48.5
52.0
48.0
74.0
22.6666666667
80.0
98.0
36.0
14.0
92.0
50.0
63.0
56.0
85.0
37.0
100.0
100.0
100.0
86.0
80.0
23.0
100.0
47.0
94.0
29.0
20.0
29.0
23.0
77.0
61.0
40.5714285714
23.0
34.0
24.0
27.0
89.0
61.0
25.0
48.0
34.0
62.5
28.0
83.0
26.0
76.0
6.0
68.5
28.0
88.0
78.0
9.0
13.0
54.0
53.0
51.0
5.0
45.5
11.0
77.0
76.0
35.0
28.0
24.5
87.0
54.0
80.0
69.0
83.0
72.0
83.0
78.0
80.0
95.0
49.0
100.0
72.0
78.0
99.0
57.0
84.0
99.0
100.0
98.0
62.0
92.0
88.0
32.0
87.5
23.0
9.0
76.0
100.0
56.0
20.0
72.0
76.0
76.0
77.0
52.0
76.0
76.0
68.0
63.0
49.0
73.0
99.0
100.0
45.0
39.0
56.0
88.0
76.0
97.0
42.0
100.0
23.0
42.875
97.0
18.0
30.0
88.0
88.0
75.0
20.0
95.0
39.0
79.0
79.0
62.0
77.0
61.0
75.0
75.0
98.0
100.0
89.5
58.0
35.0
62.5
72.5
56.0
88.0
49.5
92.0
23.0
70.0
80.0
95.0
64.0
55.0
19.0
57.0
65.0
50.5
36.0
74.0
79.5
92.0
84.0
62.0
99.0
50.0
43.0
51.0
69.0
14.0
36.0
52.0
66.0
51.0
59.0
76.0
78.0
40.0
11.0
93.0
100.0
43.0
31.6666666667
81.0
84.0
60.0
93.5
100.0
54.0
81.0
99.0
56.5
96.0
41.0
62.0
97.0
16.0
42.0
7.0
36.0
60.0
11.0
86.0
41.6666666667
19.5
50.0
28.0
60.0
17.0
36.0
2.0
77.0
89.0
60.0
90.0
64.0
42.0
28.0
84.0
12.3333333333
95.0
62.0
26.5
52.0
99.0
68.0
100.0
76.0
75.0
100.0
60.0
54.0
62.0
87.0
73.0
24.0
86.0
66.0
73.0
27.0
71.0
67.5
52.0
66.0
36.0
26.0
31.0
57.0
30.0
35.0
62.0
73.0
85.0
23.0
88.0
29.0
58.0
93.0
37.0
76.0
63.0
32.5
69.3333333333
29.0
63.0
30.5
49.0
6.0
34.3333333333
49.0
50.0
59.0
51.5
72.0
72.0
34.5
56.0
23.0
7.0
45.0
89.0
56.0
83.0
86.0
99.0
100.0
87.0
86.0
37.0
68.0
36.0
37.0
77.5
37.0
62.0
50.0
78.0
24.0
49.0
44.5
97.0
79.0
100.0
90.0
65.5
88.0
81.0
99.0
49.5
44.0
29.0
4.0
22.0
77.0
25.0
76.0
77.0
74.5
59.0
68.0
67.0
89.0
100.0
37.0
10.5
79.0
100.0
87.0
50.0
29.0
65.0
86.0
71.0
15.0
0.0
17.0
97.0
86.5
45.0
23.0
40.0
87.0
71.3333333333
55.0
30.0
62.0
56.0
60.0
81.0
43.5
43.0
51.0
78.1666666667
69.0
76.0
24.5
56.0
96.0
88.0
41.0
78.0
39.0
18.0
25.0
47.0
89.4166666667
29.0
20.0
59.0
32.0
43.0
28.0
22.0
48.5
23.0
100.0
94.6666666667
96.0
72.0
95.0
62.0
49.0
51.6666666667
60.0
26.6666666667
74.0
42.0
49.0
87.0
59.0
53.0
55.0
43.0
49.0
41.0
41.0
93.0
33.0
46.0
35.0
77.0
43.0
17.0
12.0
1.0
34.8333333333
45.0
36.0
55.0
48.0
100.0
56.0
73.5555555556
37.0
3.0
21.0
81.0
100.0
37.0
57.0
12.0
81.0
99.0
62.0
97.0
88.0
98.0
28.0
88.0
4.0
45.0
50.0
50.0
93.0
85.0
70.0
5.0
10.0
30.0
82.0
28.0
29.0
42.0
9.0
37.0
27.0
59.0
31.0
88.0
100.0
80.0
24.0
15.0
84.0
86.4285714286
85.0
56.0
49.0
78.0
63.0
20.0
64.0
83.0
95.0
62.0
49.0
71.0
44.0
69.0
22.0
47.0
50.0
49.5
39.0
51.0
75.0
82.0
38.0
29.0
99.0
44.0
12.0
65.0
23.0
10.0
13.0
58.5
57.0
50.6666666667
99.0
93.0
100.0
62.0
85.0
70.0
100.0
100.0
100.0
78.3333333333
5.0
59.0
56.0
82.0
13.0
61.0
95.0
37.0
97.0
94.0
69.0
98.0
75.0
72.0
76.0
45.3333333333
81.0
69.0
41.0
56.0
32.0
75.5
69.0
54.0
12.0
23.0
47.0
100.0
91.875
97.2222222222
97.0
99.0
100.0
94.0
100.0
63.0
64.0
77.0
77.0
64.0
39.0
83.0
43.0
97.0
99.0
94.0
85.0
88.0
100.0
99.0
77.0
95.3333333333
68.8571428571
24.0
26.0
76.0
50.0
37.0
60.0
33.0
67.0
87.1428571429
86.0
90.0
77.0
97.0
38.0
48.0
94.0
100.0
100.0
69.0
88.0
86.5
94.0
54.6666666667
48.0
40.0
36.0
54.0
86.0
50.0
45.0
49.0
86.0
79.5
72.0
96.0
86.0
89.0
85.0
73.0
76.0
26.5
77.0
64.0
88.0
83.0
88.5
96.0
83.0
90.0
41.0
36.0
75.0
76.0
69.0
65.0
81.0
100.0
37.0
53.0
46.5555555556
57.0
76.0
83.0
88.0
97.0
100.0
50.0
86.0
72.0
95.0
100.0
58.0
23.0
40.0
6.5
100.0
43.0
83.0
82.0
96.0
62.0
35.0
35.0
77.0
93.0
97.0
100.0
83.0
100.0
94.5
18.0
73.5
75.0
100.0
100.0
56.0
77.0
89.5
100.0
93.0
52.0
43.0
92.0
79.0
100.0
98.0
71.0
77.0
38.0
29.0
36.0
76.0
96.0
68.0
50.0
93.5
48.0
100.0
87.0
87.0
88.0
17.0
43.0
19.0
63.0
74.0
76.0
76.0
100.0
80.0
83.0
94.0
76.0
76.0
99.0
96.0
93.0
58.0
86.0
24.0
60.0
67.0
100.0
60.0
48.1666666667
76.0
42.125
53.0
96.0
38.0
39.0
36.5
82.0
76.0
67.0
57.0
17.0
25.0
35.0
43.0
47.5
57.0
71.0
74.0
49.0
80.0
73.0
86.0
90.0
49.0
84.0
56.0833333333
86.0
87.0
55.0
71.0
100.0
73.0
89.0
51.0
89.0
92.0
77.0
78.0
62.0
92.5
27.5
99.0
33.0
10.0
87.0
27.0
53.0
32.0
39.0
24.0
75.0
65.0
76.0
64.0
96.0
70.0
94.0
100.0
100.0
83.0
69.0
88.0
95.0
89.0
91.0
88.0
79.0
97.0
60.0
52.0
91.0
43.0
39.0
100.0
74.0
34.0
91.1666666667
99.0
96.0
37.5
33.0
42.0
19.0
49.0
75.0
60.0
85.0
52.0
78.0
67.0
100.0
99.0
100.0
81.0
76.0
83.5
24.0
57.0
51.0
69.0
100.0
50.0
62.0
100.0
57.0
24.0
24.0
62.0
71.0
56.5
72.0
43.0
57.0
81.0
31.0
63.0
100.0
45.0
92.5
100.0
94.0
28.0
17.0
37.0
36.0
11.0
78.0
22.0
40.0
63.2222222222
40.0
95.0
74.0
66.0
83.0
52.0
20.6666666667
66.0
85.0
65.0
88.0
65.0
65.0
97.0
53.0
77.0
78.5
32.0
77.0
78.0
35.0
97.0
74.0
98.0
98.0
100.0
24.0
77.0
77.0
91.0
98.0
92.0
50.0
62.0
77.0
73.0
47.5
71.0
12.0
77.0
52.3333333333
51.0
100.0
100.0
100.0
97.0
12.0
91.0
42.0
70.0
97.0
74.0
68.5
44.0
49.0
50.0
34.0
36.0
49.0
89.0
92.0
99.0
90.0
23.0
91.0
59.0
100.0
100.0
98.0
78.5
100.0
81.0
96.0
91.5
53.0
65.5
80.0
83.0
76.0
81.0
82.0
83.0
79.0
88.0
63.0
67.0
68.0
76.0
93.3333333333
50.0
100.0
61.0
22.0
0.0
75.0
83.0
60.0
21.0
68.0
81.5
65.2307692308
56.0
20.0
49.5
100.0
93.5
76.0
30.0
96.0
62.0
93.5
34.0
45.0
100.0
22.5
20.0
76.0
62.0
50.0
88.0
86.0
80.0
50.0
67.0
76.0
97.0
76.0
95.0
91.0
60.0
70.0
86.0
70.6666666667
79.0
45.5
85.0
44.0
77.0
82.5
49.0
75.5
95.0
41.0
27.0
56.0
84.0
60.0
20.0
95.0
38.5
26.0
87.0
24.0
75.0
22.0
57.0
65.0
60.0
46.0
76.0
42.5
82.0
67.0
96.0
89.0
96.0
46.0
27.0
39.0
15.0
14.0
36.0
25.0
56.0
69.0
39.25
34.0
76.0
99.0
75.0
69.0
79.0
100.0
82.0
62.0
53.0
98.0
45.0
100.0
80.0
24.0
73.0
8.0
34.0
82.0
78.0
76.0
98.0
37.75
3.5
27.0
76.0
21.3333333333
51.0
23.0
16.0
48.0
23.0
35.6666666667
19.5
34.0
75.0
98.0
53.0
11.0
32.0
64.0
37.0
63.0
18.0
49.0
55.0
85.0
77.0
46.1111111111
99.5
76.0
99.0
67.0
80.0
8.0
83.5
39.0
45.0
49.0
36.0
6.0
24.0
54.0
33.0
49.0
48.0
79.0
100.0
61.0
44.0
48.0
67.0
50.0
49.0
56.0
40.0
87.0
31.0
98.0
88.3333333333
53.0
100.0
54.0
61.1666666667
36.0
61.0
32.0
27.0
44.0
83.0
19.0
38.0
99.0
52.0
26.0
92.0
16.0
8.0
17.0
32.0
49.0
57.5555555556
95.0
77.0
100.0
0.0
100.0
94.0
70.0
76.0
27.0
42.0
68.0
18.0
41.0
64.0
27.0
40.0
72.0
15.0
95.0
29.0
73.0
42.0
99.0
91.0
97.0
18.0
56.5
35.0
31.0
17.0
6.0
28.0
73.0
51.0
24.0
81.0
74.0
56.0
97.0
96.0
97.0
88.0
50.0
77.0
30.0
30.0
24.0
70.0
32.0
40.0
78.0
71.8333333333
94.0
5.0
91.0
31.0
95.0
77.0
40.0
48.0
65.0
48.0
49.0
60.0
77.0
92.5
76.0
49.5
44.0
44.0
63.0
11.5
62.0
84.0
28.0
54.0
35.0
57.0
77.0
25.0
50.0
83.0
20.0
48.0
15.0
27.5
55.0
21.0
88.0
94.0
37.0
55.0
83.0
53.0
62.0
22.0
8.5
76.0
55.0
41.0
70.0
100.0
50.0
62.5
64.0
68.0
59.0
34.0
11.0
45.0
79.0
50.0
35.0
80.0
99.0
72.0
88.0
76.0
76.0
49.0
88.0
82.5
87.0
29.0
43.0
74.0
100.0
23.0
53.0
79.0
54.0
41.0
58.0
40.0
96.0
46.0
75.0
49.0
47.0
100.0
49.0
60.0
61.0
24.0
22.0
72.0
55.0
39.8333333333
79.0
11.0
20.0
46.0
33.0
22.0
72.5
82.0
93.0
98.0
97.0
11.0
77.0
18.0
65.0
12.0
89.0
24.0
69.0
66.0
47.1111111111
95.0
69.0
40.0
54.0
49.5
44.0
72.0
19.0
31.0
51.5
30.6666666667
63.0
76.0
100.0
76.0
64.0
65.0
83.0
30.0
48.0
68.5
36.0
53.0
77.3333333333
26.0
19.8333333333
96.0
96.0
43.0
84.5
100.0
64.0
65.0
88.0
75.0
19.0
34.0
19.0
50.0
55.0
86.0
77.0
100.0
28.0
38.0
88.0
47.875
70.5
82.0
66.0
65.0
24.0
38.0
44.0
66.0
41.5
64.5
49.5
37.0
73.0
48.0
38.0
74.0
96.0
86.0
82.0
91.0
89.0
40.0
98.0
64.0
63.0
67.0
72.0
100.0
96.5
74.0
9.0
72.0
36.0
97.0
95.0
100.0
76.0
22.0
85.0
88.0
49.0
50.0
54.0
86.0
92.0
52.0
50.0
98.0
24.5
92.0
79.0
26.0
69.0
100.0
100.0
100.0
63.0
100.0
100.0
68.0
99.0
78.0
10.0
45.0
100.0
88.0
88.0
64.0
56.0
31.3333333333
38.0
93.0
65.0
63.0
40.5
100.0
49.5
99.0
70.0
100.0
97.6666666667
100.0
86.0
94.0
100.0
92.0
62.0
84.0
100.0
90.0
100.0
76.0
63.0
76.0
57.0
75.0
57.0
99.0
89.6666666667
96.0
92.0
100.0
63.0
49.0
100.0
100.0
70.5
89.0
86.0
28.0
73.0
9.0
86.0
34.0
27.0
88.0
29.0
42.0
73.0
68.0
40.0
90.0
73.0
57.0
50.0
27.0
81.0
47.0
41.0
37.0
35.0
66.0
96.5
98.0
84.0
78.0
56.0
80.0
87.0
86.0
98.0
95.0
76.0
91.0
77.0
57.0
53.0
40.0
69.0
92.0
9.0
80.0
42.0
69.0
79.0
45.0
68.0
78.0
35.0
11.0
50.0
67.0
49.0
93.0
100.0
89.0
89.0
96.0
97.0
93.0
83.0
62.0
85.0
100.0
73.0
97.0
57.0
88.0
47.0
73.0
88.0
69.0
81.0
86.4444444444
71.0
40.0
45.0
94.0
70.0
7.0
45.0
23.0
31.0
33.0
64.0
81.0
53.0
52.0
50.0
65.5714285714
73.0
73.0
54.0
69.0
11.0
70.0
84.0
74.0
77.0
62.5
36.0
70.0
76.0
75.0
23.0
96.0
62.0
40.0
43.0
61.0
11.3333333333
88.0
76.0
94.0
63.1666666667
76.0
72.0
79.0
81.5
15.0
55.0
20.0
19.0
89.0
100.0
100.0
24.0
57.5
40.0
69.0
93.0
79.0
29.5
81.0
84.0
62.0
55.0
61.0
54.5
25.0
36.0
76.0
67.0
25.1666666667
94.0
100.0
99.0
95.0
75.0
81.1666666667
89.0
99.0
28.5
71.0
100.0
56.0
95.0
68.0
77.0
92.0
99.0
97.0
100.0
48.0
62.0
92.0
79.0
24.0
61.0
100.0
41.0
70.5
83.875
78.3333333333
60.0
89.0
77.0
42.0
97.0
83.0
83.0
42.5
24.0
53.0
85.0
9.0
68.0
75.0
97.0
51.0
62.0
50.0
64.0
82.0
89.0
82.0
66.0
99.0
97.0
39.5
100.0
99.0
62.0
98.0
100.0
50.0
90.0
100.0
86.0
90.0
98.0
80.0
40.0
26.3333333333
38.0
70.0
51.5833333333
79.0
24.0
44.0
90.0
97.0
66.0
76.0
96.0
74.0
46.0
70.0
95.0
65.0
87.0
71.0
63.0
72.0
78.0
28.6666666667
80.0
76.0
72.0
68.0
23.0
18.0
87.0
75.0
75.0
99.0
99.0
97.0
26.0
49.5
88.0
89.0
64.0
73.0
44.0
82.0
73.5
89.0
77.0
76.0
85.0
28.0
100.0
98.0
88.0
67.0
49.0
64.0
56.0
22.1666666667
38.0
11.0
79.0
71.0
52.0
77.0
87.0
36.0
63.0
97.0
37.0
53.0
54.0
82.0
43.0
79.0
66.0
18.3333333333
7.0
59.0
65.5
68.5
82.0
77.0
37.0
70.0
58.5
76.0
74.0
93.0
60.0
46.0
62.0
10.0
41.0
19.0
50.0
62.0
41.1666666667
79.0
58.0
93.0
49.0
76.0
40.0
99.5
100.0
100.0
87.0
74.0
53.0
100.0
55.0
100.0
82.0
100.0
99.5
79.0
100.0
100.0
69.0
94.0
57.0
73.0
16.0
85.0
62.0
41.0
40.375
61.0
79.0
82.0
45.0
36.0
68.0
26.0
63.0
8.0
56.0
37.0
16.0
38.5
76.0
80.0
76.0
100.0
88.0
38.0
62.3333333333
49.0
69.0
85.0
100.0
82.0
78.0
54.0
72.0
73.0
87.0
89.0
56.0
53.0
85.0
40.0
69.0
70.0
45.0
49.0
29.0
74.0
11.0
56.0
93.0
55.0
82.8
82.0
100.0
86.0
75.0
56.0
27.0
100.0
78.6666666667
95.0
77.0
72.0
77.0
88.0
100.0
79.0
44.0
19.0
63.0
77.0
50.0
54.0
52.0
80.0
90.0
71.0
57.0
94.0
56.5
88.0
99.0
97.0
38.0
76.0
70.0
45.0
94.0
79.0
82.0
30.0
44.0
57.0
15.0
85.0
81.0
44.6666666667
26.0
27.0
59.0
50.0
27.0
78.0
96.0
63.0
99.0
65.0
100.0
14.0
12.0
91.0
81.0
82.0
88.0
51.0
100.0
84.0
61.0
100.0
43.0
100.0
94.0
50.0
50.0
57.0
94.0
93.0
90.0
89.0
96.0
88.0
72.0
74.0
22.0
83.0
100.0
90.0
78.0
35.0
20.5
100.0
53.0
87.5
96.0
85.0
92.0
87.0
64.0
75.0
78.0
7.5
61.0
31.0
75.5
24.5
78.0
60.0
59.0
94.0
65.0
68.0
67.0
59.0
74.0
65.0
62.5
64.5
56.0
76.0
62.0
60.0
82.0
77.0
86.0
89.0
76.0
73.0
61.0
60.0
16.0
61.0
91.0
42.0
51.0
100.0
82.5
97.0
11.0
51.0
67.0
99.0
100.0
77.0
80.0
46.0
70.0
62.0
74.0
100.0
85.9
76.6666666667
70.0
95.0
71.0
73.4444444444
91.2222222222
97.0
50.0
83.0
100.0
61.0
100.0
47.0
19.0
96.0
78.0
100.0
30.0
50.0
66.0
58.0
85.0
49.0
83.0
18.0
52.0
7.0
56.0
56.0
71.0
81.0
24.0
87.0
60.0
14.0
61.0
34.0
7.0
52.0
86.0
100.0
63.0
75.0
48.5
45.0
76.0
33.0
38.0
28.0
56.0
75.0
82.0
100.0
100.0
64.0
72.0
68.0
21.0
100.0
79.0
35.5
99.0
100.0
100.0
63.0
99.0
23.0
19.0
76.0
27.0
99.0
51.0
55.0
71.0
98.0
53.8571428571
100.0
93.0
100.0
78.1666666667
76.0
81.0
100.0
100.0
81.0
86.0
100.0
75.0
61.0
25.0
37.0
38.0
92.0
98.0
94.5
75.6666666667
76.0
100.0
93.0
11.0
57.0
39.0
98.0
100.0
98.0
98.0
78.0
100.0
54.0
77.0
82.0
96.0
94.5
100.0
78.0
87.5
100.0
75.0
77.0
100.0
53.0
29.5
82.5
85.0
96.0
50.0
76.0
50.0
100.0
91.5
50.0
81.0
100.0
100.0
68.0
93.0
43.0
95.0
64.0
60.5
78.0
72.0
90.0
98.0
54.0
77.0
48.0
22.0
84.0
91.0
70.1666666667
59.875
95.0
36.0
76.0
27.5714285714
71.0
66.0
50.0
50.0
91.0
66.0
63.0
57.0
93.0
90.0
44.0
33.0
36.0
94.0
82.0
100.0
39.0
16.0
76.0
73.0
74.0
87.0
50.5
100.0
45.0
76.0
89.0
94.0
62.0
13.0
72.0
99.0
59.0
82.5
46.0
65.0
100.0
76.0
91.0
68.0
89.0
83.0
79.0
96.0
88.0
57.0
36.0
56.0
67.0
56.0
77.0
97.0
97.0
86.0
65.5
94.0
57.4285714286
75.5
99.0
77.0
46.0
65.0
78.0
75.0
91.0
59.0
71.0
100.0
64.0
94.0
82.0
96.1666666667
100.0
78.0
36.0
40.0
80.0
60.5
36.0
60.0
13.0
53.25
63.0
32.0
91.0
40.0
73.0
69.0
24.0
100.0
73.0
50.0
64.5555555556
92.0
49.5
49.0
62.0
56.0
51.0
75.0
80.0
77.0
88.0
81.0
68.0
97.0
62.0
7.0
89.0
75.0
60.0
42.0
70.0
51.0
50.0
19.0
61.0
91.5
76.0
87.0
79.0
100.0
87.0
79.0
90.0
74.0
49.0
93.0
95.0
84.5
100.0
100.0
25.0
33.0
44.0
62.0
69.5
96.0
100.0
52.5
31.0
100.0
49.3333333333
22.0
12.0
87.0
61.5
25.0
35.0
81.0
93.0
82.0
7.0
32.0
58.0
33.0
100.0
100.0
11.0
37.0
89.0
23.0
41.0
55.0
49.0
45.0
50.0
86.0
72.0
75.0
80.0
37.0
36.0
17.5
100.0
100.0
99.0
80.5
52.0
60.0
57.0
43.0
100.0
81.0
82.0
76.0
63.5
81.0
48.0
63.0
73.5
99.0
51.0
71.5555555556
100.0
53.0
92.0
70.0
29.0
67.0
40.0
76.0
80.0
75.0
63.0
87.0
70.0
72.0
77.0
75.0
64.0
92.0
85.0
79.0
53.0
86.0
11.0
76.0
76.0
63.0
99.0
57.3333333333
39.0
21.0
81.0
98.0
100.0
39.0
45.0
46.0
62.0
64.0
42.0
61.0
46.0
73.0
100.0
72.0
84.0
63.0
95.0
59.0
35.0
76.0
95.0
99.0
15.0
53.5
30.0
61.0
46.0
66.0
73.0
88.0
100.0
67.0
64.0
88.0
88.0
67.0
63.0
43.0
58.0
79.0
79.0
79.0
59.5
87.0
81.375
81.0
73.0
64.0
58.0
100.0
56.5
40.0
67.0
64.0
76.0
39.5
50.0
77.0
94.0
39.0
56.0
81.0
65.5
54.0
51.1111111111
17.5
26.0
90.0
78.0
68.0
100.0
62.2222222222
77.0
76.0
48.0
93.0
80.0
96.0
37.0
93.0
57.0
94.0
91.0
93.5
63.0
29.0
99.0
62.0
81.0
12.0
67.5
67.0
70.0
90.0
25.0
24.0
36.0
36.0
77.0
34.0
35.0
76.0
50.0
77.0
69.5
66.0
73.0
11.0
64.0
52.0
73.5
87.0
60.0
87.0
97.0
31.3333333333
81.0
100.0
66.0
1.0
41.2857142857
57.5
73.0
44.0
51.0
53.0
76.0
92.0
86.0
74.0
65.0
23.0
64.0
76.0
100.0
100.0
18.0
76.0
37.0
93.0
35.2857142857
8.0
24.0
12.0
87.0
88.0
52.8571428571
48.0
50.5
74.0
37.0
64.0
78.0
72.5
64.0
54.0
67.0
48.0
100.0
100.0
38.0
48.0
51.0
67.0
100.0
100.0
62.0
69.0
93.0
100.0
90.0
100.0
100.0
72.0
20.0
91.0
74.0
97.0
72.0
73.0
83.0
100.0
99.0
91.0
47.0
87.125
90.0
76.0
98.0
33.0
94.0
46.0
10.5
85.0
39.0
82.0
35.0
49.0
75.0
93.0
87.5
37.0
99.0
56.0
55.0
97.0
100.0
78.0
81.0
89.0
74.5
54.0
15.0
84.0
93.0
91.0
41.0
70.0
87.0
46.0
77.0
71.0
76.0
91.0
94.0
96.0
54.0
78.0
10.0
80.0
60.0
77.0
72.0
71.0
74.0
54.0
97.0
73.0
43.0
44.0
50.0
35.0
62.0
96.0
24.0
62.0909090909
91.0
80.0
46.0
85.0
77.0
81.0
99.0
97.0
86.0
79.4444444444
100.0
99.0
100.0
78.0
95.5
69.0
92.0
100.0
67.0
93.0
99.0
76.0
75.0
95.0
99.0
96.0
100.0
100.0
100.0
98.0
89.2857142857
89.0
64.0
62.0
100.0
92.0
