0,0.000000
1,0.018510
2,0.030708
3,0.008294
4,0.083746
5,0.223621
6,0.163628
7,0.151461
8,0.062334
9,0.130609
10,0.192366
11,-0.018037
12,0.208599
13,0.205892
14,0.239733
15,0.082709
16,0.159458
17,0.178758
18,0.206925
19,0.247705
20,0.324140
21,0.409810
22,0.321591
23,0.333165
24,0.265835
25,0.148036
26,0.171680
27,0.321063
28,0.280744
29,0.202482
30,0.246314
31,0.157856
32,0.313386
33,0.362257
34,0.291973
35,0.400058
36,0.302048
37,0.189243
38,0.389347
39,0.456184
40,0.394572
41,0.294533
42,0.370150
43,0.170668
44,0.289323
45,0.321627
46,0.382697
47,0.405076
48,0.292650
49,0.190859
50,0.343182
51,0.493346
52,0.345460
53,0.343131
54,0.300118
55,0.300660
56,0.488287
57,0.462537
58,0.561683
59,0.376120
60,0.432388
61,0.147529
62,0.281782
63,0.338077
64,0.424639
65,0.319629
66,0.491841
67,0.083317
68,0.401083
69,0.544775
70,0.355358
71,0.525190
72,0.451234
73,0.289001
74,0.511628
75,0.413725
76,0.458992
77,0.337725
78,0.250454
79,0.194341
80,0.366198
81,0.352642
82,0.393528
83,0.310796
84,0.447706
85,0.051085
86,0.436176
87,0.599170
88,0.309261
89,0.370985
90,0.355089
91,0.424309
92,0.632558
93,0.372225
94,0.390147
95,0.378508
96,0.329742
97,0.275737
98,0.246797
99,0.272518
100,0.546484
101,0.385341
102,0.248978
103,0.240588
104,0.313727
105,0.550513
106,0.381895
107,0.426854
108,0.355827
109,0.401440
110,0.559274
111,0.381829
112,0.504094
113,0.420955
114,0.293133
115,0.281686
116,0.300740
117,0.361086
118,0.482440
119,0.435451
120,0.370219
121,0.225167
122,0.332893
123,0.615290
124,0.444803
125,0.490370
126,0.391648
127,0.409701
128,0.577019
129,0.413357
130,0.553184
131,0.367487
132,0.379422
133,0.183641
134,0.420104
135,0.347387
136,0.508891
137,0.452413
138,0.413283
139,0.144798
140,0.201547
141,0.609107
142,0.469857
143,0.473587
144,0.376627
145,0.349173
146,0.647417
147,0.501628
148,0.455166
149,0.421910
150,0.344500
151,0.270467
152,0.358762
153,0.270019
154,0.476359
155,0.414859
156,0.415575
157,0.142721
158,0.255434
159,0.549906
160,0.470773
161,0.473036
162,0.252411
163,0.384736
164,0.583796
165,0.553720
166,0.544148
167,0.496691
168,0.346211
169,0.294901
170,0.320876
171,0.405361
172,0.495622
173,0.447566
174,0.369967
175,0.074998
176,0.293503
177,0.524257
178,0.404962
179,0.541579
180,0.224787
181,0.374977
182,0.537764
183,0.614267
184,0.605226
185,0.520291
186,0.391963
187,0.252461
188,0.274385
189,0.343622
190,0.473111
191,0.386875
192,0.522040
193,0.142361
194,0.320493
195,0.544191
196,0.324530
197,0.457492
198,0.262588
199,0.353057
200,0.573360
201,0.535680
202,0.475561
203,0.462813
204,0.292383
205,0.275912
206,0.307448
207,0.312547
208,0.447784
209,0.521594
210,0.488815
211,0.178323
212,0.373286
213,0.521930
214,0.289856
215,0.526612
216,0.268492
217,0.362403
218,0.533158
219,0.570030
220,0.527425
221,0.421232
222,0.389233
223,0.233923
224,0.330238
