0,0.952321
1,1.963498
2,1.120942
3,1.048012
4,1.054905
5,0.966878
6,1.165845
7,0.829940
8,1.043118
9,1.110738
10,1.010925
11,1.009112
12,1.074997
13,0.943466
14,1.155828
15,1.134651
16,1.094213
17,1.150914
18,1.060558
19,0.994015
20,1.087388
21,0.939854
22,0.985770
23,0.949137
24,1.102922
25,0.859591
26,1.091956
27,1.056396
28,0.963985
29,0.988314
30,1.049906
31,1.080516
32,1.043453
33,1.051932
34,1.060745
35,0.993156
36,1.033477
37,0.982975
38,1.110348
39,0.926944
40,0.981370
41,0.932335
42,1.092990
43,1.063396
44,1.055993
45,1.030966
46,0.936457
47,0.906284
48,1.132207
49,1.057296
50,1.107645
51,0.982812
52,1.049763
53,1.051002
54,1.032469
55,0.964840
56,1.167974
57,0.917002
58,0.934870
59,1.066261
60,1.090057
61,0.998931
62,1.083279
63,1.038511
64,0.994147
65,0.974683
66,0.950277
67,0.997694
68,1.024551
69,0.899223
70,1.039996
71,0.954933
72,1.048716
73,1.020518
74,1.014191
75,0.926533
76,1.009303
77,1.034885
78,1.128444
79,0.831259
80,0.981640
81,1.080940
82,1.031768
83,1.040144
84,0.932823
85,1.106359
86,1.012326
87,0.902813
88,1.039282
89,1.017536
90,1.123445
91,0.958394
92,0.984492
93,1.026497
94,1.089754
95,0.954291
96,1.073338
97,0.940785
98,1.183239
99,1.311619
100,0.895325
101,0.962643
102,1.165300
103,1.076856
104,1.087479
105,0.864257
106,1.026438
107,0.994608
108,0.906653
109,0.977121
110,1.049794
111,1.088980
112,0.955530
113,0.902405
114,1.070033
115,1.006715
116,1.125414
117,1.260113
118,0.898579
119,0.928023
120,1.059097
121,1.135228
122,1.023686
123,0.891299
124,0.980991
125,0.932195
126,1.146726
127,1.052631
128,0.963768
129,0.932531
130,0.888977
131,0.970607
132,1.129592
133,1.176172
134,0.924127
135,1.147822
136,0.900084
137,0.952130
138,0.980494
139,1.242444
140,1.114326
141,0.835997
142,0.961712
143,1.004822
144,1.173587
145,1.043524
146,0.931550
147,0.907759
148,1.048536
149,0.958389
150,1.084508
151,0.986888
152,1.007187
153,1.208791
154,0.929107
155,1.000952
156,0.993853
157,1.255773
158,1.090868
159,0.927794
160,0.998634
161,1.025733
162,1.135487
163,1.021811
164,1.013881
165,0.847114
166,0.918774
167,0.836179
168,1.049256
169,0.913254
170,0.989665
171,1.096835
172,0.955357
173,0.953171
174,0.995177
175,1.223030
176,1.097145
177,1.050929
178,1.022567
179,0.962147
180,1.215023
181,1.090855
182,0.964962
183,0.858924
184,0.881625
185,0.859525
186,1.043213
187,0.946810
188,1.064959
189,1.309881
190,0.953238
191,0.978713
192,0.900704
193,1.336156
194,1.143048
195,1.030084
196,1.041415
197,1.020764
198,1.275320
199,1.077122
200,1.026600
201,0.891394
202,0.967636
203,0.909477
204,1.059535
205,0.970722
206,1.203278
207,1.311987
208,0.972032
209,0.911126
210,0.941412
211,1.197187
212,1.072195
213,0.926241
214,1.120540
215,0.939604
216,1.138981
217,1.029455
218,0.998131
219,0.827614
220,0.961743
221,0.883323
222,1.017062
223,1.202107
224,1.122842
