-0.316407756973349
-0.47105769217404
0.415206199642587
-1.0749962229863
0.382652237275657
-0.123438685788865
0.867771476106224
-0.0285074006640398
0.548052743367314
0.180875235455152
-0.619303607562824
-0.687660229380899
0.765495198167044
0.365926667912679
-0.548558027094858
-1.35027808972263
-0.036740298400615
0.00105995613130554
-0.273343200840141
-0.654012332237191
0.784489593226798
-0.419867326298984
-0.117512439282381
-0.404829713331699
0.0783853858612841
0.207675770217119
-0.826669441838164
-0.143392438546335
-0.515711090791667
0.253024629493641
0.0977216746004411
-0.763906410416414
-1.42485085692534
-0.368018891878187
-0.843683389523036
0.212004479571229
0.343639892850217
-0.627008179569612
-0.831463348168818
-1.16261402778397
-0.722909701083894
-0.874184888047058
0.225093372459053
-0.509451246889516
-0.546119622377734
-0.356836378837675
0.366789270015224
0.266671172842774
0.28621018634587
-0.152633576264369
-1.0404014923433
0.750658335654728
0.04679205936105
0.514336373692121
-0.0980659244866669
0.0956632721791983
0.690461987031415
0.0452334135814443
-0.303248692236847
-0.174718943697115
0.500289424218721
0.386083986937827
-0.116581787333989
0.429467496082689
0.623127189127497
0.732154513200694
-0.463564005260558
0.37297653919124
-0.275851937886191
0.307263553564066
0.110812652040475
-0.351595613183572
-0.303454901149609
-0.394882318565112
-0.217820113173043
0.660610639356453
-0.82371176019958
0.448896220755942
-0.331149912435045
-0.541756595511363
-0.119717805037169
0.629212206850913
0.704232220759579
0.413147064195833
-0.00855168769357989
0.71121637274597
-0.510965525282025
0.701896913292835
0.218550380207685
0.515882176118036
-0.0837332910595565
0.470080126927277
-0.326122291736664
0.454149553637832
0.535443356283361
0.0227841636897609
0.232910564809305
0.358352684715824
0.123886309815483
0.431096454495766
-0.225589229533354
0.696742057673121
0.994824215350105
-0.581116101200014
0.69549616676749
-0.0486925250379831
0.430092523520087
-0.0429698919171654
-0.189695163449503
0.132059430586844
0.73007945625804
0.264605274598049
0.485005980025832
-0.405828887218873
0.646874741684932
0.72614991335183
-0.278287135152408
-0.804565356443673
0.260887571644877
-0.0608207933978763
-0.282257281492663
-0.155830414118542
0.491037395707148
-0.434276361458533
-0.128987531476316
0.288621849836419
-0.690282797393066
-1.11915403260427
0.715226957227823
0.120966475298445
0.706256975864831
0.386931177260201
-0.114682216343713
-0.203254409958762
-0.452481483034276
-0.0633537224734241
-0.725596146085691
-0.28027196124804
0.19542314240802
0.107585359535185
0.740867122809969
0.126431207184282
-0.233801665703942
0.715086578710828
-1.21188932033048
-0.886414806879876
-0.664829083841349
-0.504636913108504
-1.11924828163556
0.195749153300358
0.280624084207343
0.417181573360071
0.76288650667452
0.865213344413964
0.487639684015801
0.0655040668804741
0.359299830603297
0.630481182321301
0.43369585481848
0.255721315230082
0.294768186278418
-0.267208682746807
-0.19344184907163
0.43451354702392
-0.0637798018254348
0.129829474761212
-0.29384885060255
0.348515476361586
-0.96210618387129
0.612911721877703
-0.946471206575439
0.790462604222179
-0.241421969255589
0.468991897767203
0.649061922281347
-0.354173904039071
-0.0365665962512992
0.527130930436747
0.615618897971197
0.823507771518217
0.533166682343588
0.996979643901892
0.494496488560291
-0.0462764490337375
0.00130928705643888
0.234721291249223
-0.0508313878779157
0.852672101788301
0.492564173266656
-1.0864211885566
-0.641280644828014
0.578827901357874
0.273081734682222
-0.638988828290685
-0.0679722954697784
-0.241306618052266
0.57902684379002
-0.551410354545596
0.469948264334071
0.09598528525188
0.479207712520435
0.767021474000946
0.248059463582063
0.873605992059422
0.628038809303641
0.144352775091945
0.127660290875654
-0.536762322647497
-0.959882332276217
0.37365350051406
0.0948234648003849
0.534816228074316
-0.659759205432654
0.370383062979341
-0.789027070116534
0.209891954350708
-0.355249505605315
-0.558575848529077
0.148023192506201
0.259931466187846
-0.533160799792842
0.74820405025576
0.262852599805901
-0.320531145070705
0.238273917200944
0.0507040675618139
0.618659862469803
1.18574214696125
-0.445993912359808
-0.400113039149857
0.566767844493768
0.0384329403242248
0.471892509535515
0.659376461952285
0.639310618634563
0.329580832780899
0.848950327712584
0.249484408288447
0.519112592273449
0.911548829973467
0.682535815632555
0.19195834807513
-0.363553391799471
0.883065752348332
0.811340541274594
0.56237153760564
0.324547481740534
-0.266809859107717
0.208552625452806
-0.0247773505537325
-1.20493799451994
0.137062119452236
0.0584496804704662
-1.86027224018035
0.048106485684929
-0.842272705043136
-0.30325090557444
-0.416169508103588
0.380778296148621
-0.366196907619701
-0.644747694176775
0.758733498040918
-0.493599379573274
1.07121765230875
-0.134734092610189
-0.189351530386447
0.674903248635333
0.0697085349228818
-1.10800857069783
-0.945836894919085
-0.75438465486833
-0.00874263569347881
0.0515264153483433
-0.600394431665764
-0.236483247488502
-0.719159858044403
-0.226170082173056
-0.50976526375907
-0.985218678450199
-0.145769494064378
-0.413395295625661
0.32994933722624
-0.392689639169349
0.253107160834771
-0.226154873597723
-0.712286949019697
-0.770702602635556
-1.28908929548885
0.0288379211194135
-0.353363419347849
-0.324298523111489
-0.193108562979083
-0.151069036501726
-0.517945790879555
0.0996332392891776
-0.386630360126546
-0.0603787295073207
-0.373423426125533
-1.03349779275628
-0.68672501475318
-0.586413183671599
-0.370608738343822
-0.788879477571612
-0.887783528116189
-0.662362621449264
-0.89214432451996
-0.267134292079033
0.0350436737404642
0.431835743288075
-0.958634122198454
0.751998754173816
-0.61539329326238
-0.0992524731104759
-0.64873971189989
0.533313274189185
0.272120960152093
-0.0456192064031287
0.185261873641718
0.188134981991596
-1.10742498806759
0.230831165857699
0.365916312871964
0.492680498295801
-0.345371831062191
0.185838703906174
-0.226063762425779
-0.882961515306361
-0.157365883761956
0.618851494006658
-0.0960442048918062
-0.219357599083136
-0.556818062621608
-0.769764097358858
0.0528897612820617
-1.09950777423858
0.141221052613943
0.244172662019717
-0.991710822698228
-0.442097373370244
-0.684037116060905
-1.39740454574571
0.469965477624675
-0.773877827670983
0.0817824450266131
0.830786297052697
-0.806229386341243
-0.146484287016751
-0.139711064797777
0.929446962815809
-0.0357634670110751
0.222232249170835
-0.250221116512828
0.231310457885884
-0.619408940230006
-1.36261132560312
0.159843141661856
-0.770530495357462
-0.997247598572057
-1.15326880057862
0.632261450813889
0.492660618519577
0.387364160257552
0.0871501338250724
-0.668251813938876
0.700406997316143
0.383583070881906
0.362902488584759
0.0523885264782999
-0.954769384903391
0.783635730617338
-0.676556535599665
0.215465693549966
-0.630002609623767
-0.325831753844372
-1.1539312705686
-0.515657516513665
0.894331140048388
-0.866839130048845
0.0727781358406972
0.266422541170407
-0.441926334620985
-0.402492101620017
0.547221561290854
0.51803139033884
0.465530160961241
-0.343208280449325
-0.0970815392863323
0.707386755442637
-0.273917289078465
0.37449227011309
-0.117490157190948
-0.00969975712222812
0.125105292073628
0.736215434015825
-0.0876737834025389
-0.250635930006863
0.0828266555942293
1.17887552364818
0.627235389672839
0.165943489063338
0.33647881908041
-1.01086097072092
0.265381832979479
0.884688845931569
-0.0024244228745029
0.585043182904242
0.674487000654077
-0.772106544323895
0.607557875046972
-0.00663161109443711
0.00796416952763825
-1.08475640059434
0.135015295188386
0.861955158405581
-0.877186266169403
-0.259098985064411
-0.532439132687554
-0.342936740925542
-0.360336658740396
0.609296469842822
0.276929519216891
0.591294672828456
0.0752100384627484
0.119168657276127
0.243950841065849
0.0905517137758817
-0.0414433690928675
0.112515351233309
-0.49865956533866
-0.137009737468519
0.279129621009971
-1.09152568158111
0.669046689665155
-0.18101420576806
-0.176642941230471
0.160425888890558
-0.839105920880119
-0.463428056265329
-0.643802817784861
0.199682317736682
-0.0422993056731084
0.90097508255017
0.245669868469286
-0.512779997267766
-1.38628368437865
0.88045312384725
-0.537898543069845
-0.814446657791637
0.866209495205578
0.84303240160054
0.22415890099311
0.791490677740083
0.763623230962417
0.125816270933887
0.699216601583766
0.671120633006649
0.606940906481714
-0.164476155550352
0.485284047166631
0.234763877598121
0.224628935346171
-0.425434421578414
-0.659165381459471
-0.0283679203162387
-0.045070266003784
0.691189190735259
0.641925533289121
0.407511115439716
-0.311368023607697
0.225942248973771
-1.28365602028727
-0.940332347987409
0.663215275916471
-0.392872941221145
0.254850559637474
0.514311064899443
-0.207315461216628
-0.338271028012949
-0.265050795677036
-0.155546264727771
-0.502617068299719
0.504900249317045
0.241078506985616
-0.662901581935
0.569977789065696
0.101810519805093
-0.161203135494114
-0.167126909824934
-1.04726064847348
0.273752263791015
0.597372740821941
-0.580589665296769
0.257223168240538
-1.2271276350039
0.696962886580233
-1.21905995461983
-0.32953834681544
-0.689812101381701
-0.331340546051779
-0.422783933006016
-0.116850053586582
0.504642808394452
0.261415171344105
-0.201959641229871
-0.0282702886204451
-0.238018880906141
-1.61138508242201
-0.771017059775685
0.947466404476514
-0.318454486395845
0.832633537162112
-1.09185796123533
-0.523505868921897
0.354372484153838
0.387737000935896
0.563357364934309
0.277327029856668
0.691314847517801
0.363316969416169
0.313116388744028
0.613569813668134
-0.274628667692973
-1.1379495267115
0.553874814234766
-0.488737453315734
-0.260263671936172
-0.0550391510706445
0.351715164509619
-0.89937180693686
-0.0393370228527848
0.683658866566032
0.108601987175756
-0.0684053637843895
-0.136192114023497
-0.0447102062373007
0.0760483172289948
0.727707953539266
-0.776532985725799
0.691921246134718
0.978468950319803
0.570898210600121
-0.903606675562224
0.0902134286145461
0.911816148010288
0.843679793322381
0.459315634959852
-0.809894030327984
0.147392731861923
0.62807899593612
0.813869522733542
0.65102673154007
0.475178303467626
-0.549789895697658
0.470460618366474
0.449303032917199
0.302375898508909
0.315711085928103
0.402292500529551
0.724337879827738
0.798814571313171
