51.5
74.5
88
62
83.5
63
62
71
97
44.5
1
95.5
42.1666666666667
86
52
92.5
78
82
9
63
97
98.5
0
95
93
28.5
64.5
65.5
89
72
75
63
67.5
88.5
75
88
31
100
95
70
79
58
74
75
47
7
67
71.3333333333333
99
57
17.5
57.5
79
58
97.5
75
35
7
50
100
91
97.5
51
78.5
6
83
57
91
98
83
65
18
52
50
99.5
76
76
97
51
60
5
24
100
74
66.5
0
56.5
99.5
90.5
78.5
53
66
24
38
86
69
75
73
97
75
90.3333333333333
71
81
67.5
75.5
100
81
79
81
100
96
62
88
95
53
75
87
77
79
66.5
94
98
92
55
60
88
88
98
99
98
97
76
85
98
41.3333333333333
94.3333333333333
75.5
35
98
90.25
99
78
86.6666666666667
17
87
50
93
82.5
20
99
24
99
79.5
74
77.5
94
70
96
71.75
94
51
97
97
88.5
100
91
99
65.75
95
100
100
52
80
18.5
88
78
88
68
38
48
71
68.5
92.5
81
75.5
95
98
50
76
48
45
82
99
100
73
95
64
49
75
11
96.5
95
89
80.5
92
98
97.5
83
68
64
96
86.25
85.25
49
44
5.5
73.5
100
99
76
47
80
12
88.5
91
95
19
93
63
67
78
12.5
3
46
88
79
99
44.5
6
38.5
96
75
80
100
99
63
100
39
50
70
85
26
51
24.5
45
89
97
79
75
96
53
68
49
19
95
93.25
79
57.5
60
91
51.5
78
100
99
89
84.25
96
25
57.5
80
97
98.25
88
77
0
1
68.5
89
63
93
88
72
94.5
2
100
98
100
62
74
7
93
64.25
86
72.5
73.5
72.5
68
74
71
98
1
89
99
65.5
66
90
71
61
75
96
77.5
79
68
91.25
72
88
36
83
99
99.5
100
42
77
93
22
94
100
81
49
54
34
93.5
96
13
2
85
50
55.5
98
100
100
9
84
99
100
82
88
99.5
83
82.5
53
37
56
61.5
89.5
25
89.3333333333333
50
65
98
75.25
83.5
88
93
78
77
75
93
94
51
93.5
80
68
66
87
99
24
73
97.5
90.5
99
84
49
89.5
68
7
95.5
4
50.5
92
89
81
9
89
58
54.5
96
99
78.5
95
90
88
38.5
44
76.5
43
50
6
91
75
97
93
0
70.5
61.5
94
97
93.5
97.3333333333333
75
49
100
75.5
61.5
40
84.5
91
99
70
100
99
50.5
96
87
70
38
92
64
46.5
5
100
97
73
50
98
99
74
98
94
84
100
100
91
77
71.5
89
2
83
95
38
29
49
60
97.5
76
50
72.5
3
68.5
100
77.5
96.5
98
96
58.5
47
43
85
88
81.6666666666667
85
96
96
65.5
61
84
79
25
96.5
91
100
92
77
98
99.5
75
48
69
99
100
77
90
2
96
56.5
6
75
25.75
100
81
9
97
85.5
78
94
78
29
61
76
5
42
96
46
39.5
98
88
51
85.5
85
62
84
78.3333333333333
58.5
99
3
99
93.5
90.6666666666667
10
65
98
54.5
83
54
61
49.5
96
72.5
96
75
98
55
98.5
87.6
93.5
16
99
98
46
99
79.5
95.5
8
15
99
91
53.5
35
50
81
98
98
96.5
62
75
21
24
69
15
73
75.6666666666667
93
99
85
77
80
88.5
85
100
93
55
46
99
95
91
39.5
91
37
70
96
97.5
75
98
68.5
45.5
41
95.5
46
98
51
100
84
18
99
50
48.5
100
50
81
99
24
50
97
93
93
20
96
2
39
100
77
91
100
97
78
88
96
72.5
88
72
70
59
78.5
14
75
75.5
57
13
97
97
54
78
90.5
56
23
75
100
95
100
99.5
33
79
51
36
83
90
99
61
89.6666666666667
77
87
72
95
33
99
99
83.6666666666667
87.5
48
95
100
61
63
69.5
65.4285714285714
90
64
81
61.3333333333333
100
97.5
100
96
29
11
95.5
76
97
90
93
90.5
59.5
100
96
100
81
62
21
94
38
91
99
99
40.5
81
81.75
36
49
53
98
99
66
68.5
84
46
50
42
39
87
43.5
14
82
89.5
77
64.5
79
80
49.5
51
0
0
80
8
51.5
63
0
54
86
49
67
4
94
79
13
82
81.5
22
25
83.75
97.5
95
96
95
61.25
74
68
97
40.5
84.5
40
71
8
45
85
89.5
7
4
95.5
0
99
96.5
55.5
73
70.5
69.5
90
86
96
99
57
87.5
42
95
2
96.5
36
48
69
100
87.5
53
100
72
8
47
6
61.5
0
59.25
79
68
61
2
27
97
37
45.3333333333333
99
37
46.5
42
98
78
21
73
100
26
83
86
26
97
54.5
26
97
19.5
87
9
79
80
75
97.5
64.25
68.5
45.5
75
74.5
61.5
25
0
65
46.5
14
99
74.5
87
100
11.5
99
88
97
76
88
71
77
90
29
97
76
96
100
55
71.3333333333333
65.5
77
99
62.25
99
50
99
78.5
77
20
85
98
92.6666666666667
83
99.5
47
39
88.5
91
87.5
34
64.5
99
74
85
97.5
22
100
86
95.5
13.5
29
50
96.5
97
83.5
99
96
0
39.5
53.25
59
71
36.5
87
84
80
82
47
86
76
52
91.6666666666667
99
86
88.5
85.5
51
100
53
78.25
100
34
50.5
64
51
100
70.5
56
42
80
98
97
99
28
68.5
25
61
36.5
73
57
77
49.75
47.5
65.5
98
74
10
100
23
70
51.5
7
95
89
88
80.5
49
44
100
69
100
99
100
100
42
96
66.5
19
82.5
82.5
95
97
85.5
87
99
77
51.5
72
88.5
85
92
100
97
99
98
80
41.5
61
48.5
65
97
52
68
94
89
90
25
72.6666666666667
25
68
75
97
73
75
70.5
73
100
74
73
32
2
71
2
21.5
99.5
99
22
99
95
24
98
95.5
1
25
61
91
56.6666666666667
50
45
99.5
100
50
74
49
36.5
64
91.5
24
83
51.5
100
54
100
98
50
39
2
73.5
34
100
56
51
71
47.5
7
86
59
46.5
56.5
95
97
84.5
98
94
3
66.5
77
89
82
95
65
40
81.5
61
96
84
69
44
42
9
65.5
84
38
74
2
52
97
39
51.5
99
64
100
97
66.5
99
94.6666666666667
18
72
18
73
2
63
69
66
73
48
61.3333333333333
66
69.5
49
45
99.5
92.5
82
56.875
79
93
97
41
81
52.5
77
53.5
31
68
72.5
46
41
80
95
75
2
87.75
95
36
94
91
71
98
2
65.3333333333333
99
76
100
99
100
100
100
93
63.5
86
80
87.5
96
43.3333333333333
96
4
100
82
54
0
77
75
64
39
0
84.5
12
60
97
91
80
47
81
69.5
96
58
87.5
69
99
48.6666666666667
79.5
92
95.5
74.5
75
87
42.6666666666667
100
67.25
100
1
99
52
82.5
74
92
96
36
84
75
94.5
54
63
76
25
100
98.5
61
3
92
99
95
95
25
75.3333333333333
44
49
100
63.5
21
100
86.5
93
72
99
73
100
75
79
81
54.5
88
90
98
55
54
93
85
99
71
97
43
90
73
96
16
88
81
61
50
77
94
53
49
92
50
73
97
0
77
29.3333333333333
32
50
99
100
85
74.6666666666667
77
68.5
89
67
98
57.5
72
75
90.25
100
75
93
51.5
72.5
66
100
76.5
67
87.3333333333333
92
81.5
89
43
76
73
81
64.5
56
91
69
65
96
84.5
97
100
71
84
100
89
94
59.5
33
99
79.5
76
99
50
55
70
66.5
96
45
95
52
75
24
48.5
50
86.5
31
91
100
100
86
83
66
36
64
58.5
98
50
27
97
89
94
59
95
96.5
98
47
100
91.5
71
15
99
82.1666666666667
24
67
73
80.5
93
100
97.5
89
97.5
92
100
75.8333333333333
90
96
88
80
75
0
99
100
86
5
100
65.5
87
87
100
90
23
38
61
25
93
87
4
60
86
85.5
97
80.3333333333333
48
13
50
77.5
59.5
77
100
96.5
47
20
56
44.5
51
99
14
97
97
69.5
92.5
97
77
55
96
73
97.5
66.5
25
84.5
68
83.5
93
47
42
59
68
26
34
81
98
34
96
62.5
15
100
97
86
99
97
87
100
74.5
70
93
51.5
54
72
29
50
95
94.5
76.5
94
45
73
82
40
79
89.5
98
50
74
66
75
75
76
4
6.5
49
5
86
89
39.5
98.5
94
48.5
96
10
71
97
29
98
100
98
95
74
78
53
92
67
31
85
94
0
66.5
43.5
2
59.75
73
99
50.5
54
87
36
76
76
64
46
94
25
8
49.3333333333333
57
49
93.5
89.75
87
88
99
58
19
84
99
82.5
48
25
74
83.5
30
94
83
44
75
74
100
93.5
90.3333333333333
97
83
67
95
15
50
88
49.5
99
74
94
31
56
71
97
96
87
27
47.5
90
99
75
85.5
98
85.5
97
4.5
50
88
31
76
93
99
48
56
99
66.5
96
39
74
75
10
56
89
66.5
3
71
27.5
41.6666666666667
100
50
20
86
77
67
59
100
75
100
76
62
97.5
91
22
67.25
99
99
46
44.5
86
11
99
49
85.5
98.5
3
70
11
85.5
69
57
99
100
92.5
96
99
97
65.5
100
98
55
79.5
75
16
54
98.5
49
82
37
31.5
91
47.5
38
98
69.5
98
4
68
73
27
84.25
1
55
74.75
40
92
63.5
42
95
5
20
82
80
10
86
91
99.5
62
68
60
100
87
73
100
53.5
92
61
88
77
98
73
100
100
74
84
95
84.5
96
68.8
96
88.5
65.5
31
68
95
95
100
80
96
75
64
83
59
99
74.5
78
95.5
65
25
99
15
100
58
0
84
75
31
64.3333333333333
91
54
89
89
6.5
92
20.5
99.5
77.5
92
24.5
73
65.5
97
64.5
46.5
82.5
96
75
100
94
93.3333333333333
27
97.5
100
82.5
95
96.5
50
40
36
96
99
96
82
46
44
65
34
53
86.5
93
39
98
51
75
99
61
86
71.5
99
86.5
78.75
30.5
76
100
99
99
6
79
64
89.5
98
99
72
99
21
23
96.5
51
96
23
57
84.5
98
72
69
91.5
80
80.5
51
46.5
95
98
100
50
97
42
95.5
76.6666666666667
65
81.5
95
75
89
99
98
84.5
74
75
96
87
71
77
85.5
91.25
76
75
96.5
53.5
100
3
75
36
74
87
93
100
95
100
90
80
52
84
96
98.5
39
51
99
95.75
77
90
52.5
23.5
91
42
75.3333333333333
31
97
80.5
84.75
98.5
100
100
78
21
99
96
85
92
16
99
76
67
81.75
100
97
99
78
98.5
14
100
99
96
94.5
26
64
56
40
74
96
55
82
78
76.5
50
80
63
95
86.5
58
94
72.6666666666667
0
60
85
98
99
63.5
84
82
95
86
85
54
6
64
3
77.6666666666667
97
99
41.6666666666667
95
99
17
72
94
76
64
80
79
82
44
100
61.5
99
36
52
77
70
85
84
69
75
57
99.5
50
93
33
98
56.5
88
33
99
97.5
7.5
100
67.5
0
64
59.5
83
0
71
29.5
51
29
77
84.5
57
68
94
82
67.5
80
18
64.75
76
75.5
83
100
76
80
61
100
80
98
78.5
82
89
59
86
55
85
50
94
64
5.5
40
37
94
51
92.25
57
68
41.5
17
13
60
73
34
22
37.5
9
85
99
14
89
90
75
45
83.5
24
78.25
79
89
64
80
51
100
75.5
25
46
91
83.5
99
83.6666666666667
95
2
99.6666666666667
100
60
76
75
62
2
65.25
50
95
93
95
30
49
49
98
25
64
64
62
11
15
6
97
79
14
22
92
98
95
99
99
61
86.5
88.5
90
67
29
87
63
0
74
89
68
57
51
29
98
44
96
87
100
40
89
61.6666666666667
72.25
64
50
97
100
60
72
98
50
51
26
94
42.5
0
98
97
91
97
31.5
63
76
25
91
75
11
51
4
76
95
98
25
100
4
84.5
100
67
100
52
99
49
65
99
54
89
58.2857142857143
48
91
49
96
58
90.5
75
98
49
69
81
46
92
70
48.5
51
87.5
52
97
98
24
99
76
69.5
100
66.5
85.5
50
99
71
90.5
75
74
65
91.5
61.5
12
88.5
37.5
94
96.5
25
99
56
97.5
7
63
75
100
73.5
63
62.5
69.6666666666667
56
18
28.5
34
44
21
57
38
62.5
42
98
42.5
82
100
72
62.5
83
0
24
75.5
11
68.5
40.3333333333333
32
35
55
80
61.5
74
52.5
72
96
93
85
14
65
76
96.5
35.5
89
70
7.5
83.6666666666667
97
76
55
60
87
80.5
48
26
26
95
95
88
82
92
78
34
8
14
37
65
24
92
82
46
61
74
78
52.5
9
86
93
87
61.5
74
65
86
75.5
49
88.5
97
68
85
100
96
99
59
85
89
18
6
100
60.25
94
45
26.5
83
68
99
81.5
49.5
53
91
76
72
63
91
90.3333333333333
38
53
79.6666666666667
34
98
55
53.5
90
51
75
53
91
96
94.3333333333333
97.5
87
97
76
47
79.5
49.5
72
81
39.5
61
30.5
73
38
99
81
71
99
93
83
97
95
72.5
78
13
24
42
94
69
12
57.5
85.5
0
99
79
77.5
100
98
20
10
87.5
34
91
98.5
54
78.5
66
75
98
19
87.5
72
59
56
74
89
97
68
73.6666666666667
33
75
35
99
75
22
61
82
69
81.5
21
100
14
96
45
47
48
57
68
50
100
100
100
17
85
27
69
40.5
85
14
2
75
76
89
60
90
79
100
21
98
63.5
94
91
65
74.6666666666667
40
72.5
10
43
22
34
56
71.5
42
46.8
23.5
62.5
75
87.25
96
95
69
18
29
85
16.5
85
46
63
44
76
77
99
79.5
50
46.5
23
50
55.5
3
36.5
93
19
20
82
73
100
97
43
75
92
95
98
51
63.5
35
91
54.5
78
38
26
96
80
92
100
20
94
94
87
93
53
25
89
71
32
97
51
85
96
99
28
0
100
75
76
56.5
4
15
71
100
6
79
100
81
27
62.5
99
9
93.5
50
96
50
71
62.5
87
86
89.5
83.3333333333333
10
83
83.5
7
83.5
43
86.5
82.5
45
63
80
94.5
98
68
27.5
24
99
82
100
63
37.5
50
90.6666666666667
2
85
95
43
76
26
77
97.5
50
41.6666666666667
78
74
66
24
78.5
76
64
73
81.5
99
97
79
52.5
35
45
87
98.5
99
53
98.5
71
95
83
53
57.25
6
90
84
71
70.3333333333333
55.5
89
86
79.5
51
94
92
24
94
75
40
100
69
92
79
47.5
90
72
96.6666666666667
96
55
52.75
86
72
51
39.3333333333333
62
66.3333333333333
100
43
47
31
63
76
58
38
67.3333333333333
50.5
89
88
41
3
52.5
24
81
86.5
79.5
45
88.5
74
55
8
95
74
48
85
90
70.5
79
100
96
86
91
42
87
45
37
94
99.5
95.5
50
98
96
49.5
82
68
84
75
46
29
80.5
78
99
6
22
82
7
82
70
67
99
5
60
24.25
96.5
44.5
75
28
63
88.5
100
62.5
61
21.6666666666667
46
49
91
61
66
94
54.5
100
92
62.5
47
71.25
75
82.5
99
100
53
60
89
85.5
98
79
82.5
77
82
61
90.5
88
68.5
90
50
88.25
87.5
81
82.3333333333333
39
81
72
80
50
25
48
85.5
1
26
78
96
97
96
15
58
63
91
78.5
29
31
79
87
52
82
100
53
84
34
70
99
68.5
59
98
48
46
92
46
99
42.5
63
39.25
3
6
80
65.25
29
81
89
30
51
89
81
62
86.5
98.5
63
57
77
29
78
29
95.25
73.5
33
2
97
92
75
85.5
48.5
76
41
98
71
97
77.3333333333333
41
97
75
28
57
64
97.5
36.5
78
94
73.5
97
96
44
49
44
70
73
64
13
2
96
51
77
57
53
23
100
29
94
27.25
86
98
46
89
86.5
97
47
9.5
7
53
2
9.5
21
60
79.6666666666667
75
78
59.5
4
99
100
82.5
43.5
87
10
27
98
96
40
15
12.6666666666667
77.5
62
96
82
50
72
43
42.5
35
99
37
75
11
50
98
63
68
18
72
0
49
68
24
15
91
98
75
27
39
58.5
91
86.5
95
51
21
96
4
100
99
53
20.5
93
54
13
25
83
77
30
72
22
28
55
65.5
2.5
99
9
71.5
13
48.5
67
98
2
66
85
66
86
37.5
22
97
87
41.5
91
77
46
97.5
95
85
93
97
97
59
50
71
86
85
14
71
100
31
75
85
75
70.5
86
21
72
88
59
94.5
51
92
38
86
23
65
23
73.5
73.3333333333333
84.5
44
81
30
85
63
78
51
99
80
94.5
63
96
78.5
87
29
56
50
10
45
63
92
100
7
74.5
9
99
20.5
21
89
95.5
99
80.5
96
73
41
28
91
42
36
97
17
20
71.5
18
24
58
91
98
23
99
68.5
49.75
37
95.5
13
76
95
18.5
92.5
28
38
60
100
100
53
58
54
65
68
63
98.5
64
49
55
75
50
81
26.5
56
92
5
99
43
77.5
47.5
93
58
84
98
58
100
53.5
78
73
60
66.25
20
58
23
8
0
85
93
41.6666666666667
35
94
77
79
96
98
78
81.25
89
76
86
92
94
75
42
63.75
54.25
93
97
15
7
31
2
91
97
38
68
62.5
97
49
6
98
38
77
37
68
25
82
42.5
72
55
77
59
35.5
62
81.5
93.6666666666667
0
93
47
73
74
56.75
0
2
99
91
95
100
95
75
57
100
89
59.5
82.6666666666667
73
75
12
75
93.5
79
63
76
100
85.5
64.75
98
100
11
100
87
71
46
39
95
71
15
57
11
90
77
70
65
76
3
65.3333333333333
9
94
52
75.5
46.6666666666667
26.6666666666667
93
15
50
59
77
63
72
36
76.3333333333333
100
60
68
62
86.5
16.5
69.75
94
99
96
83.5
75.5
0
89
93
63
96.5
97
52
16
83
98
20
70
59
99
55
77
100
98
4
97.5
14
63
77.6666666666667
100
88
56
0
43
67
79
89
54
74
57
26
98
91
97
25.5
96
23
53
34.5
51
57
89
59.5
14.5
24
59
67
100
75.6666666666667
82
77
99
20.5
55.25
100
78
38
61
90.5
74.5
25
43
11
64
18
88
55
88
38
83
22
42
98
94
71.5
77
92.5
100
19
71
88.5
17
41.5
54
96
29
47
44.5
72
85.5
89
11
71.5
23
22
50
0
0
73
25
59
49
43
74
88
82.5
82
8
80
16
12
96
56
18
75
69
22
85.5
50.5
90
38
53
76.6666666666667
61
12
65
85
67.5
94
84.5
87
66.6666666666667
98.5
82
14
56
97
97
55.5
80
46
67
61
10
65
37.5
13
67
41
49
91
76
11
87
91
37
27
99.5
0
74
61
97
53.25
94.5
71
92
71
99
98
70
71.25
74
7
67
81
49.5
90.5
89
100
97
74
86
74
50
81
85
75
84
25
88
29
75
36.5
8.5
45.6666666666667
92.5
80
8
96.5
88
50
60
68
94
60
97
97
73
77
13
57.5
84
74
88.5
90
63.5
84
26
48
78.5
98
96
7
29
58
71.5
45
62
81.3333333333333
59
54
91
51
63
14.5
56.5
47.5
43
80
97
100
69
24
52
60
93.6666666666667
50
76
72
87.5
88
11
47
72
31
99
88
50
93
26
98
65
64
5
75
77
87
86.5
80.5
100
76
55.5
100
14
79.5
81.75
68
52
33
81.5
74
95
41.5
94.5
74.5
79.5
65.8
69
97
48.5
98
3
86.5
79
100
51
6
91
2
57
63
73
88
39
67
74
24
11.5
47
35
0
1
85.5
83.5
80
52
8
25
58
80.5
49
5
55
65.5
78
96
72
89
58
75
76
100
96
54.5
77
88
77
81
95
70
89
99
65
11
59
75.8333333333333
98
93.5
88
63
100
55
100
100
98
51
5
41
6
26
62.5
22
17
96
66
85
98
99
86
97
74
95
98
87.5
88
21
76
68.5
80
50
45.5
56.5
44
88
94
40.5
74
53
72.5
91
65
88
24
77
88
53
100
90
77
11
91
100
96
8
100
62
18
44
75
5
89
48.5
33.5
59.5
79
88
47
31.5
75
83.25
84
98
89.75
82
10
100
53
74
90
73
46
69
0
39
82
56
15
27
49
2
51.6666666666667
91
77
30
0
27
58
69
75
96
55
96.5
85
78
74
79
74
82
41.3333333333333
12
38
76
93.5
80.75
76.5
51
57.5
56.5
22
98
61.3333333333333
79
88.5
96.5
94
89
74
38
90
85.5
86
51
98.6666666666667
67
25
87
78
68
97
73
42
81
50
71.5
93
99
90
3
87
79
81.5
97
40
59.5
39
52.5
89
55
0
80
4
65
83.5
73
97.5
18
24.5
96
92
38
89
97
35.5
69
89
75
41
44
38.5
95.3333333333333
83.5
79
96
62
11
80.5
99
9
99.5
67
78
63
67
100
59
77
92
63
34
77
39.3333333333333
38
38
30
84
57.5
74.5
26
45
26
33
100
76
89.5
90
86
96
48
52
60
49.6666666666667
99
93
71
55.5
77
73
51
58
89
96
32.5
29
69.75
77
93
9
96
98
61
44
32
69.5
41
52.25
80
0
30
5
15
82
79
93.5
88
52
33
97
2
56.5
31
6
54.5
80
87
50
78
50
82.5
13
75
53.5
89
80
82
24
41
58
3
90
98
50
76
79
55.2
92
62
43
88.6666666666667
90
87
75
100
97
75
87
25
85.5
56
40
88.3333333333333
73
99
40.5
6
50
1
65
99
43
94
69
92
24
47
35
27
91
80
85
49.75
88
74
18
96
75
3
51
60.375
89
46
92
96
71.3333333333333
6
100
64
47
82.5
86
77
88.5
20
86.5
90
41
56
54.5
82.5
83
86
87.5
44.5
65
84
71
55
24
75
76
99
27
74
50
68.5
62
98
58
50
86.5
42
70
35
3
53
91.5
4
40
86.5
80
96
52
93
91
25
8
72.5
76
75
81.3333333333333
75.5
95
75
99
75
50
77
92.5
87.5
87
60
96
60.5
69
30
60
73.3333333333333
74.5
75
72.5
61
48
48
16
73
8.5
75
52
27
18.5
96
70
90
51
65
66
91
83
21
43
30
26
91
52.5
94
25
97
57
99
50
73.5
61.5
84
100
74.3333333333333
86
50
88.5
81
65
69
74
63
83
68
11
90
60
67
16
93.5
55
98
77.5
57
34
50.5
70
77
35
42.6666666666667
48.5
92
98
96
52
79
97
65.75
72.5
95
75
26
65
93
94.5
70.5
5
74
98
46
97
91.5
48
49
15
52
2
48
21
99
76.5
25
49
43
78
81.5
50.5
77
48
22
63
31
87.25
75
90
77
24
53
60.5
79
78
22
51
0
26
97
88
97
99
89
68.75
26
60
44
96
46
74.5
82
69
97
27
48
50
85
99.5
71
78.5
2
98
40
44
2
25
81
75
81
34
53
59.5
25
97
67
100
95
93
72.5
47
99
100
83
40
56.5
13
25
100
88.5
60
100
31.5
99
54.5
71
24.5
72.5
84
86
40
95
30
76
99
79
57
25
57.5
2
59.5
99
86
53
80
97
88
94
33.5
62
98
16
67
74
25
89
54
71
77
47
95
53
50
72.5
87
87
41
87.5
56
51.5
90.6666666666667
63
50
89
95
38
67
84
88
72
50
84
18
48
74
98.5
4
99
75.6
79.5
17
81
50.75
77
94
37.5
39.5
25
72
37.5
97
64.5
76.5
47
44
71
94.5
47.5
50
60
43
31
82
55.5
53.6666666666667
97
93
83
88
45
93
85.5
17
91
70.6666666666667
35
76.5
61
86
86
52
64
30
3
93.5
100
54.75
50
61
4
16
100
15
80.5
14
84
100
22
37
96
58.5
97
89.5
78
58.25
65
55
84.5
2
52
22
62
51
65
68
59.5
39
89.5
89
21
83
50
2
4
61
94
77
95
5
76
89.5
88
96
18.5
99
62.5
23
99
32.25
52
24.5
95
17
64.25
99
55
59
97
64
52
99
96
11
77
59
43
52
92
13
84
82
17
58
60
91.5
78
100
77
99
94
50
98
97
16
87.5
99
48
93
51
87
98
3
77.5
1
99.5
11
96
15
74
36
100
9
94
97
89.5
87.5
25
80
98.5
11
90.5
28.5
46
100
100
98
78
100
97
73
69.75
99
99
89.5
9
14
78
59.5
70
85.5
35
97
75.5
15
96.5
99.5
46.5
83
75
24
96
87.5
30.5
22
36.5
100
25
43
83.6666666666667
90
37
51
84
37
13
87
2
73.5
99.5
50
45
88
94
94
54
26
71.3333333333333
18
10
50
60
100
65
40.5
100
77
100
82
79
26
37
21
80.5
62
64
100
82
6
99
83
25
48.5
99
0
1
98.5
98
77
99
99.5
99
95
78
88
98
99
99
92
60.6666666666667
76
38.5
93
92
92
50
65.5
92
64
94
95
85
65
76
98
42
99
76
94
86
98.5
82.5
96.5
97
74
21
68
96
0
90
97
50
98
91
100
93
99
63.5
42
83
80
54
76
95.5
94
38
3
51
96
96
80
50
100
98
75
83.5
100
98
99
9
93.5
4
48
89
99
65
49
59
95
93
99
77
93
86
98
84.3333333333333
98
94
50
98
83
91
99
89
50
34
93
89
43
97
96
96.5
77
75
89
90.5
79
96
97
82
100
75
26
49
75
70.5
14
86
100
25
49
57
99
97
50
56
50
56
96
97.5
91
26
15.5
41
42.5
96
50
37
67
76
78
49
57.25
75
50
76
94.5
39
99
26
86
75
63
93
83
85
69
98.25
97
97
99
95.5
96
63
48
65
88
93
70
3
67
0
100
98
88
7
100
50
34
97
71
75
7
100
83
100
20
38
40
75.5
0
45
4
91
99
100
99
100
100
71
65
92.5
84
66
47.5
35
36
48
18
51
72.25
3
88.25
51
91
84.5
77
100
100
98
100
78
86.5
100
64
78
88.5
99
73
24
100
100
89
18
83.5
81
88
73.5
86.5
80
96
97
81.3333333333333
91
66
87
69.5
100
9
91.5
59
17
40
88
98
51
4
99
50
68
98.5
86.6666666666667
0
90.5
25
75
86
99.5
63.5
87
95
83.5
100
78.5
51
100
81
12
74
52.5
55.5
66
77.5
50
96
50
93
61
100
51
86
83
87.5
98.5
62.5
96
29
86
84
100
66
78
51
100
99
85
77
77
0
18.25
87.5
71
63
75
52
72.5
37
5
34.5
91
97
100
99.5
99
96
100
93
91.5
64
81.5
54
25
100
62
87
80.625
45
19
4
44
61
4
75
58.5
20
46.3333333333333
100
91
75
60
49
60
38
51.5
84
92
73
92
98
96.5
77
99
78.5
24
98
44
30
86.5
98
61
100
68
100
88
77
56
25
74
79
75
96.5
94
86.6666666666667
77.5
5.5
90
69.5
94
1
99
96.5
44
49
42
74
100
49
0
95.5
94
99
85
91
85
80
62
78.5
15
69
96
2
57
48
71
77
92
50
38
97
62
97
83.5
74
98
70
97
23
6
51
95
93
96
100
69
25
54
76
50
5
34
89.75
91
97
100
54.3333333333333
99.75
63.25
78
48
63
87
29
80.5
76.5
94
77
57
75
47
94
81.5
73
92
100
89
100
95.5
75
53
27
77
81
49
75
63.5
77
90
94
29
12
2
85.5
96
17.3333333333333
56
81
91
23
96.5
12
51
50
25
100
75
76
87.5
60.5
25
73
100
70
13
97
43
68
75.5
43
78
51
77
84
61
78.5
75
77
75
50
88.5
80
71.25
86
97
85.5
77
85
98.5
100
81
100
88
97
82.5
75
71
99
43.3333333333333
100
69
89
87
89
48
81.5
36
82.5
23
75
97
60
96
66
94
100
96
100
29.5
53
53
59
99
98
98
41
100
70
91
88.5
90
93
78
52.6666666666667
96
67
91
73.2
93
69
36
22
50
47
44.5
67
100
13
49
74
95.5
100
55
3
85
100
86
34
84
50
5
60
34
90
42
100
76
50
55.5
66.5
64
26
73
95
88.5
53.5
33.5
5
0
28
59.3333333333333
56
67
95.5
31
62
12
51
23
81
40
1
34
99
5
10
80.5
1
48
30
94
77
52
92
86
89
52
58
24
88
84.5
80.5
73
73.5
99
78
10
99
78
97
79.75
99
3
88
100
78.5
99
3
94.5
38
19
75
53.5
52
53
91
64
57
98
9
17
44.25
27
77
73
91
75
39.5
31
72
11
76
65
37
38.5
63
96.75
100
98
19
84.5
99
66
84
16
85
95
100
49
41
8
74.5
54
68
85
76
100
81
55
92.5
88.5
55
60
10
26
87
61
67
46.5
79.75
72
100
99
42.5
11
99
60
100
51
100
6
47
78
58
25
38
84
67
100
49.5
42
87
99
51
97
92.5
78
45.5
92.5
54
50
39
100
76
93
97
99
79
98
95
81
99
96
69.5
99
88
100
24
18.5
74
76
24.5
63
46.6
99
11
80
24
94
28
57
47
54.5
41.5
100
87
94
73
15
72
75
57
82
90.75
97
88.5
73.5
73
3
92.5
53
96
86
22
86
29
77
92
80
79
5
67.5
64
99
77
1
7
100
82.5
83.6666666666667
47.5
99
75
70
25
81
26
20
75.5
18
81.5
88
21.5
40.5
7
100
100
76
100
78
96
89.5
56.5
95
32
57.5
100
83.5
99
25
65
60.5
94
80.5
100
100
99
97
100
98
64
86.5
40
73
85
14
95
98
61.5
53
85
98
41.5
83
96
96
65.5
72.75
74
78
94
75
5.5
71
100
78
100
99.5
49
97
5
68.5
50
50
92
96
2
86.5
4
97
8.5
64
22
76
95.75
93
72
41
76.5
51
89
99
90.3333333333333
81.5
26
8
15.5
94.5
100
34.5
90.5
99
50
100
83.5
98
4
78
90.5
3
86.3333333333333
90
100
100
86
84
89
95
95
35
81
100
74.5
57.25
11
100
25.5
50
99
78
96
83
71
54.5
49
84
95
91
100
32.5
79
24
83.5
49
99
100
87
60.6666666666667
40.6666666666667
76
66
84.5
74
99.5
49
43
91
44
96
19
94
50
95
98
55.5
36
68.5
79
97
83
95
88
82.5
80
97
68.8571428571429
25
86
91
70.5
70
52
61.5
100
95
98
78.5
60
81
97
2
2
75
81
79
70
22
97
100
97.5
98
96
97
79.5
92
79
48.5
91
100
4
45
48
10
77
99
98
61
53.5
55.5
25
57
76
100
100
100
65
64
54.5
59
75
95
49
78
90.5
87
73.25
71.5
98
69
95
90
14
78
80
95
58
81.3333333333333
88
75
66
23
81
99.5
99
60
98
53
44.6666666666667
36
6
81
100
5.5
99
47
95
43
83
6
49
22
81
63
26
47
70
89
78
34.5
86
79
1
99.5
83.5
48.75
18.5
97
70
69
41
96
76.5
77
77
80.5
56.5
32
66.5
67
80
28
48
79
2
98
4
83.5
50
6
99
75
76
70
91
85
81.6666666666667
58.75
70
73
50
20
67
88.5
87
86
87.5
99
83
2
64
59.5
49
52
77
100
52
98
75.5
60
92.3333333333333
100
100
27
82
87
72
77.25
69.25
83.5
85.5
77
78.5
67
100
69
86
76
94
100
98
83
58
99
82
93.5
53
96
91
87.5
94.5
13
47.5
65
93.5
11
80
99
85.5
94
84
56
23
99
75
11
60
100
42
8
56.5
79.5
48.3333333333333
3
95
97.5
83.5
92
93
81
100
25
92
55.5
62
73
54.5
84.6666666666667
100
41
4
83
93.5
50
19.5
54
97
96.5
91
99
67
12
67
89
19
30.5
74
90.3333333333333
99
75
100
94
48
94
81
60
78.5
74.5
93.6666666666667
9
91.5
99
98
92
69
75.8333333333333
99
100
39
70
85
76
67
47
97
5
98
100
88
87
54.5
46
24
3
84
95
49
80
87
85
100
66
86
96
77
58
97
95
100
48.5
77.5
68.6666666666667
83.5
89
100
8
7
100
56
60
78.5
72
53
73
81
91.5
50
29
99
37
37
94
67
40.5
70
91
69.75
71
99
68
100
52.5
21
75
94
97
73.5
3
15
51
89
80
68
72
99
79
15
98
51.5
1
87
4
86
10
49
61
18
52.5
52
97
17
7
63.5
67
38.5
61
6
92
52
0
87
91
79.6666666666667
74.5
64.5
77
48.5
5
24
35
65
66
90
87
99
77
4
10
91
50
99
80
88
99.5
39
75
70
86
86
4
94
90.75
81.5
59.5
5
100
62
83
42
25
93
98
60
42
27
98
78
39
65
98
100
100
58
50
98
2
74
58
76
77
86.5
23
96
89
92
27
75
49
82
96
25.5
97
13
70
87
85
84
42
52.5
90
97
95
53
89
29
47
91
71
59.5
90
90
75
52
60
55
28
62
95.5
96
62
67
75
100
66
73.5
93.5
95.6666666666667
83
91
79
39
96
84.5
24
35
79
42
89.3333333333333
73
25
72
67.5
82
89
57.5
87.5
89.5
73
90
73.5
100
91
75
84
49.5
99
91.1666666666667
94.5
100
93
72.5
32
63
50
38.5
3
78
67
90.5
78
65.5
64.6666666666667
73
28
89
67
96.5
33
74.6
88
79.5
93
20
43
82
23
61
62
95
76
100
39
95
98
87
96.5
64
61.5
11
98
52
24
45
54.5
57
10
31
46
100
57
8
14
65.5
7
98
33
64
62
29
21
71
80
6
51
66
87
84
96
53
12
97
81.5
99
40
6
39
79
59.5
89
76
96
99
100
74
84
36
96
69
37
96
45
62
75.5
60
14
60
80
82
87.6666666666667
73
98
19
85
85
90
56.3333333333333
46.5
100
28
77
83
94
83
99
73
75
78
99
91.25
83
10
87
76.5
100
13
50
72
92
24
51
55
75
82.5
82
37.5
91
49
78
87
82
86
91
25
47.5
89
5.5
98
90
83.5
47.5
96
88
61.5
96.5
89
93
66.5
96
75
3
98
90
45
89
66
39.6666666666667
59
93.6666666666667
45.5
97.5
99.3333333333333
2
12
59
100
27
57.5
18
71
85.3333333333333
86
99
98
62
65
67
84
50
51.5
97
60.5
100
74
25
99
47
18
89.5
72.5
91.5
88.5
4
99
97.75
80
62
89
75
85.75
13
83.6666666666667
85.5
92
100
76
98
25
85
69.5
95
93
39
45
85
53
100
81
94
91.5
19
86
80.5
99
44.5
5
44
67
91.25
86
100
76
61.5
63
75
97
45
95.5
85.5
80
94
54.5
75
6.5
99
87
95.3333333333333
26
60
82
88.25
95.5
96
79
99.5
89.5
90
100
3
98.5
100
90
90
99
76
93
77.5
99
98.5
96
98
30
58
75
59
94
75
99
79
63
6
73
86
49
88
53
3.5
62
99
33
86
93
74
96
21
86.5
56
9
99
40.5
76
88
77
91
97
52
86
9
99
71
77
96
86
98
88
90.5
77.5
89
96
31
96
61.75
49
35
86.5
76
76.2857142857143
70
76.5
84.5
98
86
89
75
57
0
16
45.5
84
82
99
94
98.5
62
50
83
73
77
99.5
76
66
31.5
65.5
88.5
61
86
54
93
89
96
77
99
11
61
77
61.5
100
85
59
58
88
55
67
10
2
45
100
89.5
96
42
20
78
64.75
72
83
75
94
67.5
39.5
83.5
99
56.5
90.5
94
50
54
85
43
96
96
85.5
95.5
42
79.75
18
86.5
75
30
22.5
66
85
50
24.5
76
75
87
80
25
83.6666666666667
39
77
88.5
95
61
88
68.25
85
98
96
98.5
95
52
77
2.5
79.6666666666667
51
20
50
22
56.5
99.6666666666667
100
46
75
76.5
84
18
98.5
79
83
91.25
82
50
95
71
48.5
0
98
59
50
97
40.5
97
6
21
76.5
71.5
61
28
98
56
99
33
5.5
5
74
8
63.5
100
95
25
80
54
99
86.75
52
77
87.5
98
71.5
90
68
97
79
84
6
51
99
53
83
83
7
99
83
51.5
62
10
67
17
86
97
72.5
5
51
94
74
34
49
76
9
98
5
41.5
27.5
68
81
89
8
100
56.5
75
60
74
84
86
85
96
68.5
99
5
90
14
10.5
89
44.5
67
96
91
99.5
61
45
90
68.5
99
88
0
86
42.25
81.5
85.25
0
100
30
50.25
94
12
70.5
100
2
89.5
66
0
100
98.5
100
82
87
94
77
94
57
98.5
97
99
100
93
88.5
88.5
38
89
74
98
75.5
85
52
94
31
99
100
0
46
28.5
84
100
90.75
82.5
40
72
97
22
93
94
100
100
91
47
75
68
45.5
57
87
80.5
86
92.5
96.5
93
86
68
75
90
86
98
58
98
94
100
17.5
87.5
100
83.6666666666667
97.5
51
83
92
99.3333333333333
77
78
26
13
76
63
100
94
71
74
87
95.5
83.5
91
33
95
100
85
41
10
64
100
97
70
68
89.5
37
87
63.25
99.5
2
91
59.5
100
94
98
37
96
34
100
76
96
98
100
99.5
86
99
24
75
88.75
72.5
38
100
75
77
97
99
82
5
96
31
88
91
98
99
79
52
87
49
53
93
100
79
99
99
99
95
95.5
83
96
92
100
77
100
0
93
94
33
94
98
77
100
88
96
97
75
88
62
98
97
94
100
97
99
93
95
30
94
64
80
100
98
71
95.5
63.5
89
76
88
75.5
59
100
78.5
74.3333333333333
98
100
31
92
50
79
95.75
97
57
73
95
98
89.5
96
82.5
93
86
69.5
74
49
46
73.5
100
99
52
99
70
100
97
97
97.5
64.5
25.5
99
80.5
99
96
91
54
78
45.5
84.5
52
85
39
56
88.5
87
63
37
69.5
51
96
31
5
81.5
96
25
82
99
99
42
100
50
96
84
98
71
4
85
90.5
62
6
0
99
98
79
21
93
99
98
87
100
74
79
79
7
91.5
96
99
92
98
89
41.5
90
100
64
64
97
98.25
93
98
69.5
74.5
90
98
63
56
50
81
73
93
49.25
50
86
97
100
98
84
87
95.25
98
49
75.25
17
84.5
89
77.25
99
67
97
86
84.5
86.5
88.75
100
64.6666666666667
77
35
77
50
88
99.5
71
99.5
99
89
94
100
71
3
70.5
70.5
61
66
91.5
87
0
83
96
6.5
100
98
69
100
100
49.5
87
100
99.5
99
96
96
88
69.5
63
70
63.5
12
92
100
76
83.5
97
64.5
92
93
80
69
80
50
90.5
76
50
99
66
20
69.5
100
59
73
83.3333333333333
29
59
99
84
59
60
99
49
95.5
27
92.5
97
88
99.5
93
75.3333333333333
99
88
50
100
50
70
85
98
38
51
87
51
8
37
47
90
75
97
86.5
97
95
41
85.6666666666667
99
8
50
68
39.5
99
78
89
71
98
59.5
95
90
82
95
98
91
99
95
97
99
62.5
76
89
42
95
60
98
0
99
86
86
89
71
100
86
89
33
84
72
37
51.5
46
93
98
92.3333333333333
75
81.5
94
55
82.5
95
74
96
54
82.5
71
55.5
96.5
98
75
55
99
100
69
93
89
68
49
31
63
99
52
92.5
100
76
15
81
75
88
95.6666666666667
99.5
51
98
92
80
80
69
100
75
93.5
71.75
97
94
91
88
67
98
51
73
56
80
89
98.5
38
82.5
42
23
75
81
96
77.25
100
74
75
43
46
98.5
43.5
91
24.5
85
88
88
97.5
98.5
76
91.5
63.5
86
97.5
73
100
67
84
95
93
56
97
94
84.25
38.5
97.25
99.5
50
100
88
94
27.5
91
91
97
100
98.5
99
73.5
78
100
95
59
91
97
74.5
85
94
97.5
21
89.25
55.3333333333333
77
99.5
61
99
81.5
95
65
62
96
76
100
37
98
67
80
93
19
100
97.5
70
87
86
93
68
56
94
75
83
83
98
10
7
93
76.5
98
85.5
99
10
42
99
99.5
99
0
43
100
70.5
85
97
79
92
40
86
87
36
65
63.3333333333333
65
98
74
85.5
75
15.5
93.5
73
62.5
100
97
86.5
5
88
23
85.5
8
73
100
61.5
99.5
94
36
90
90
99.5
92.25
99
100
77
83
87
99
73
49
78
92.5
100
98
90
95
75
88.5
24.5
76
100
100
98
85
92
76
15
60.5
67.25
75
86
90
95
87
6
98
94
81
39
78
80
80
78
61
4
75.5
95
99
40
66
77
74
23
88.3333333333333
62
78
88
60
65
0
42
15
63
71
73
85
90
75
50
65
90.5
97
90
77.5
38.5
100
15
47
86
75
1.5
98
59
87
23
23
55
67
20
93
96
86
2
22
84
62
90
75
45
91
96
81
83
26.5
96
53
97.5
35
100
76
75
37
94.5
96.5
99
94
54
100
45
100
84
52
51
97.5
93
93
76
99
87.5
83
94
55.5
65
26
86
80.5
20
49
50
73
70
13
80
78.6666666666667
99
56
98
94
66.5
88.5
78
74
85
98
79.1666666666667
57
93
100
50.5
83
75
51
50
88
100
15
100
64.5
99
26.3333333333333
64.5
60
78
47
71.3333333333333
64
73
55
86
15
83
88
56
63
27
97
60
67
99
100
72
78.6666666666667
100
99
87
100
36
89
3
76
5
74
62
89
78
58
90
40
48
77
84.5
95
97
67
100
15
82
81
71.5
14
99
54
97
99
89
77
11
87
78
63.5
62
76
100
100
83
89
81
97.5
100
100
99
22.5
82.5
96
99
77
63.5
69
22
98.5
37
49
9
30
83.25
42.5
67
81
87
83
22
74
50
84
90
97
20
98.8333333333333
43.5
12
86
100
29
37
99
94
25
96
77
74.5
98
92.3333333333333
98
80.5
99.5
42
47.5
77
62
99
18
95
99
54.5
71
68
75
68.3333333333333
40.5
88
7
100
100
96
100
53
96
98
67
95
76
76
100
74
100
48.5
78
89.5
97
100
70.5
92
100
100
99
96
100
100
92
99
14
62.6666666666667
45.75
39
98
98
41
18
97
50
69.5
83
54
97
78
92
58
52
94
100
91
63
75
98
97
42
28.5
85
100
88
100
50
26
54.5
50
32
92
96
76
2
92
52
97
75
100
62.5
38
75
100
82
71
98
70
72
97
80
85
69
86
51
92
51
51
56
58
96
40
90
92
97
75
100
84
97
73
75
100
71.5
44
89
99
83
75
88
93
94
97
89
24
93.5
74
81
88
96
97
98.6666666666667
40.5
92
34
62
19
100
100
64
37.75
97.5
100
71.6666666666667
29
99
7
17
99
68
95
99
66.5
75.5
84.5
75
73
98
99
83
14
85
76.5
98
58
98
99
49.5
100
77.875
70
92.5
98
50
100
10
93
53
75
93
77.5
52
76
100
86
51
82.5
64
80
10
73
43
70.25
100
40
42.3333333333333
54
100
82
86.5
92.5
85
59.5
92.5
51
77.5
2
62.5
78
90.5
99
93
94
97
92
90
48
100
94
79
94
64
95
99.5
44
41
75
73
49
93
64
70
91
50
100
80
100
85
3
95
95
50
75
6.5
100
87
66
83
79
63
39
94
86
71
62
75
79
79.5
4
72.5
82
97
86.5
75
99
0
99
66
63
81
34.25
100
24
85
85.5
87.5
57
95
56
40
49
89
19
16
99
100
100
64.5
58
96
98.5
23
70
78
89
75
73
99
79
67
75
45
70
98
92
51.3333333333333
99
49
96
48
100
91
92
51
78.5
44
48
76
89
64
100
98
99
63
94
11
74
93
49
49.5
74
98
57
72
86
98
69.5
100
83
100
54
59
93
74
96.75
99
64
74
4
80.5
98.5
91
50
87
65
94
61
77
96
100
80
88.5
67
100
67.5
61
95.75
62.5
65
99
75
71
100
56
81
95
99
22
83.5
75
100
61.75
77
99.5
74
97
81
77
94
99
70
99
99
95
5
75
98
69.5
98
67
94
88
91
24
96
95
97.5
64
98
87
100
64
20.5
97
60
100
100
83
53
83.5
60
49.5
50
46
99
97
12
78.6666666666667
50
78.5
89.5
15.5
93
80.25
99
100
84
87
94
99
99.5
69
55
89
90
97.5
100
98
94
100
59
88.5
75.8333333333333
85
88
3
74
99.5
97.5
94
99
99
68
5
52
100
87
89
92
23
99
100
93
96.5
87
99.5
99
99
86
96
91
99
97
99
91
78
73
65
75
66
95
65.5
72
75
92
91
91
88
75
73
77
100
85.5
75
59
76
45
93
91
98
74
98.5
68
100
66
55
95
62
52
30
84
99
94
100
96
2
78
17
80
95
76
84.5
96
36.25
76
87
64
93
58
33
84
78
62
19
85
98
56
98
80
61
62
100
44.5
88
95
87
96
96.5
89
64
41.5
98
32
90
36
78
93
87
89
82
56
50
100
76
57.5
47
100
100
80
54
98
72
54
62
97.5
100
68.5
100
69
100
53.5
99
39
61.3333333333333
23
82
93.5
85
84
94
8
14
82
21
50
83
98
93
3
88
46
25
75
94
95
81
55
98
92
93.5
57
75.5
43
97
29
63
75
65.5
52
96
89
86
52.25
71
99
0
97
38
63.5
100
65
99
100
97
78.5
50
97
0
92.5
52
51
70
72.5
90
81
48
75
9
86.5
89
99
99
73.5
93
99
90.5
93
82.5
96
88
3
41
92
54
83
62.5
51
25
98
67
97
100
97
75
94
99
44
94
94.5
100
100
83.5
93
80.5
87
14
78
91
4
88
29
83.6666666666667
62
99
79.5
98
99
100
75
60
98.5
96.5
36
99
8
72
25
54
96
54.5
100
6.5
83
98
100
50
43
46.5
73
50
70.5
53
75
62
64
41
34.3333333333333
94
25
12
44.5
11
64
3
59
99.5
99
95
95
96
80
97
89
62
88.5
99.5
99
87
100
69
42
100
100
82
44
80.5
82
100
74
7
87
63.8333333333333
98
40
87.25
22
73
93
61
71.5
99
91
79.5
100
70.5
95.5
98
81
69
100
58.5
75.5
76
50
80.5
82
3
100
64
59
41
65
99
78
26
93.75
100
87.5
0
96
6.5
34
99.5
19
92
51.5
99
68
61
64.5
97
62
1
89
100
91
62
100
71
87
0
98
76
76.5
36
81
59.5
18.75
100
100
94
100
52.5
55
100
71
74
53
94.5
29.5
58
96
93
97
99.3333333333333
88
24
81.5
97.5
68
92
51
77.5
96
86
40
98
100
78
79
86.25
74.5
97.5
99
97
68
92
67
64
51
72
8
18
84
93.5
85
95
99
88
68
75
70
99
100
98
100
73.5
26
98
95
99
99
78
88
82
95
100
50
49
100
70
14
44
73
79
99
100
90
99.5
25
100
87
100
89
63
74.5
53
22
100
96
25
93.5
99
99
86.5
98.5
64.5
99
88
66.5
99
93
99
97
84
95
86.5
87
72.5
90
98
75
97
86
94
78.5
98.5
95
98
31
100
98
75
84
99
61
93
59
88
98
78
76
99
89
100
86
95
91
8
88
76
0
93.5
89
70
76
97
10
75
84.5
55.5
17
68.5
61
40
78.75
100
76
99
24
81.5
33.6666666666667
73
45
92
49
94
99
84
16
99
83
63
27
96
80
76
9
70
75.5
99
92
100
98
80
88
63.5
78
8
68
75
83
99.5
93.5
98
65.5
39
83
57
98
16
90
96
80
91
61
99.5
98
97
97
68
41
38
76.5
100
100
82.25
78.6666666666667
60
76
97
52.5
50
99
78
64.75
83
75
94.5
99
91.6666666666667
96
90
79
83
100
14
55
62
51
67.25
100
98
83
85
63
66
75
78
78
94
75.5
9
68
62
40
99
25
2
63
96
78
87
100
99
98.5
95
63.5
50
93
85.5
99.5
79
98
58.75
78.1666666666667
78
75.5
51.6666666666667
26
97
0
24
93.5
77.5
47.5
76
49
53.5
39
100
58
83
97
46.5
44
50
2
44
89
56.6666666666667
84
43
47.5
89.2222222222222
54.5
75
97
4
28
66
97
27
6
83
48.5
56
38
71.5
34
91.5
25
100
96
90
10
78
73.75
97
76
70.5
62
80.5
25
85
74
93.5
99
88
94
9
58
92.75
98
56.5
0
69.5
87
91
92
5
73
54
90
80
79
100
3
96
80.5
72
100
62
42
50
22
95.5
53
99
47
76
98
90
19
55.5
30
77.5
95.5
91
8
70.5
6
96
99
99
28
49
34
100
26
89
88
32
99
90
88
85
85
95
91
54
96
99.5
5
90
90.5
49
60
75
95
78
62
89
89
15
43.5
80.5
89
99
62
97
63
99
99
81
99.5
93
100
100
95
99
62
99
99
98
83.5
100
93
78
99.5
69.75
72
94
30.5
98
3
96
65
94
97
99.5
89
99
75
18
24
28.5
64.5
99.5
74
100
53
96
53.5
93
87
69
99.5
100
97
77
64
97
55.5
64
93
91.5
75
93
96.5
82.5
87
100
96
61
76
49
97
98
75
66.5
33.5
50.5
83.6666666666667
97
96
51
75
100
98
62
65
52
80
95
86.5
86
51
73
94
21.5
49
45
99
64
3
10
75
74
12
90
79.1666666666667
79
100
86.5
97.5
98
68
83
98
87
98
64.6666666666667
44
59
75
82
37.5
100
92
81
97.5
66
100
75
99.5
98
100
96
94
3
84.5
77
97
72
94
80
56.3333333333333
96
88
91
89
97
100
99
52.3333333333333
75
89.5
49.3333333333333
92
99
93.5
100
98
83
53
99
86
100
80
72
98.5
0
75.75
95
99
98
99
89
75
99
49
97
97
97
100
93
99
100
97
98
43.6666666666667
75.5
88
76
74
93
54
100
99
70.3333333333333
84
96
98
95
22
100
99
80
50
98
95.75
100
68
87.5
99
96.5
100
98
75
88
100
76
100
33
83
61
97
100
58
100
75
44
73
97.5
97.5
100
97
71
96
89
93
89
72
53
73
69
99
100
99
50
12
81
94.5
100
94
73
85
73
100
43.5
100
77.5
87
50
82
50
10
66.5
4
97
67
15
73
57
39
42
96
99
99.5
56.5
83
43
77
100
94
86.6666666666667
48
86
88
56
88.5
78
39
81
98.25
98
83
97.5
72.5
44
97
86
89
99
81
100
93
74
98
75
14
65
100
98
100
47
88
74
90
77
80
95
30
98
77.25
78.5
71
30
100
92
51
48.5
78
65
97
78
89
99.5
92
90
33
92
77
100
96.6666666666667
94
95
70
91
98
98
64.75
100
50
11
76
76
91
36
96
90.5
96.6666666666667
97
90
99
100
100
77
78
86.5
88
72.5
95
71.3333333333333
93
37.5
58
50
79
76
65
100
80.5
1
91
83.5
79
94
95.3333333333333
96.5
90
66
100
95
83
98
98
66
88
97
100
91
100
89
99
91.5
100
98
94.5
99
99
97
72
98.5
14
100
9
97.5
74.5
77.6666666666667
34
97
100
78.5
86
44
18
91
72
63
91.5
39
100
77
78
96
99
97.5
64
94.75
81
98
44.5
95
84.5
49.5
15.5
24
50
66
100
96.5
91.5
98
95
85
77
86
73
42
99
91
99
80
88.5
74
53
52
52
99
98
89
78
68.5
80
100
100
54.5
93
99
92
32.5
87.5
24
100
8
51.5
36
53
24
63
100
97
70.6666666666667
26
99
86.6666666666667
63
96
80
100
93.3333333333333
88.5
94
75
51
88.5
98
7
91
74.3333333333333
93
32
83
72
98
96.5
94
47
99
97
91
97
100
99.25
99
74
90
81
67
99
95
83
58
99
27
98
66.5
79
26
55
86
100
48
60
84.5
75.5
43
52
76
100
57
99
96
1
91.1428571428571
4
55
88
2
99
100
90.5
91
100
64
75
12
85
73.5
75
70
63
75
97
64
77
87
87.5
98.5
100
73
99
88
94.5
91
66
72
69
99
99
24
100
87
100
91
91
97.5
76
3
48
79
1
95
100
89
92
100
62
100
95
85.5
59.5
96
81
50.3333333333333
75
98
99
99
100
100
79
95
40
93.5
97
50.5
95
45
73
52
83
99
92
97
28.5
75
75
4
50
93
70.75
100
62
87.5
79
82
58
93
75
47
91.5
43
25
87
98
97.5
100
74
12
95
100
94.5
60
99
89.5
40
85
88
95.5
99
89
75
80
89
74
60
78.5
23
85.5
100
95
0
96
72
75
85
100
87.5
100
93.5
100
100
50
72
86.6666666666667
90
90
98.5
100
99
98
95
79
87
50
99
100
94
95
92
66
97
90
64
75
100
49
48
71
83
100
56
85
99.5
100
98
100
80.3333333333333
84.75
94
91.6666666666667
53
91
90
100
76
96.5
80
100
49
76
74
100
39
75
45.5
74
29
95
82
99
99
61
79
76
65
30.25
59
54.5
71
17
51
75
33
86
50
40
45.3333333333333
25.5
75
68
94.5
4
89
92
78
75
53
50
91
73
65
78
67
46.25
96
82
59
53
43
97
52
74
100
72.5
6
89.5
26.5
76
99
96
43
84
59
50
99
75
82
48
79
53
71.5
59
52
78
97.5
99
87.5
50
45.5
23
68
24
71
70.5
65
85.5
14
40
9
73
73
100
64.5
96
69
61.5
92
99
26
96
75
97
84
91
75
100
90
63
64
32.5
74
68
82
100
30
77
57
26.5
98
89.5
88
89
65
93
40
98
82.75
98
92.75
73
75
65
91
97
100
82.5
86
20
100
52
100
81.5
68
73.5
95
82
77.3333333333333
65
41
65.5
94
97
50
100
96
67
100
91.5
84.5
82
98.25
85.5
98
49
7.5
4
99
71
100
99
92
98
84
69
73.6666666666667
57.25
88
50
100
5
90
55
93.6666666666667
47
62
98
85
93.5
19
72
99
82
23
31.5
96
86.2
57
26
97.5
98
93
79.5
78
99
88.5
95
100
80
60
90.75
93.5
97
100
97
73
50
14
83
99.5
40
50
90.6666666666667
78.25
50
95
75
81.5
76.5
51
98
38
75
100
80
36
81
72
65.5
86.6666666666667
93.5
76
85
60.75
64.5
90
78
80
85
60
98
82.5
70
11
100
70
100
80.5
100
87
96
87
100
78
90
62
95
67
83
100
86.6666666666667
87.5
92
100
100
100
96
97
98
28
57.5
42
78
42
99
93.5
82
82
50
69.5
45
100
83
95
94
79
46
77.5
65
71.5
100
65
98
91.5
71
98
99
50
94
79
97
76
92
93.3333333333333
100
62
97
86.5
75.5
93.5
95
82
76
87
70
64.5
90
79
100
85
25
51.5
51
100
96
87
91
100
100
99
72
100
82.25
79
90
99
74
84
54
74
100
92
52
93.5
82.5
67
51.5
100
97
77
72
32
91
97
83.5
3
50
42
63
95
41
99
72
86
40
54.75
95
86.25
39
54
99
99
66.5
93.6666666666667
77
81.5
94.3333333333333
75
60.5
87.5
67
96
94.3333333333333
100
81
78
50
84
81.5
84
60.25
92.5
92.5
78
59
88
47
90.5
66
97
65.5
63
90.6666666666667
5
61
70.6666666666667
94.5
42
96
79
100
57
37
98
97
38
81
94
75
53
97
91
53
71
94
86
36
79.5
95
96.5
98
65.5
68
79
91
100
93
43
90
98
78
97
98
73
93
65
84
71.5
98
53
53
81.5
91.5
24
48.5
97
88.5
40
77
100
85
99
99
13
61.75
52
44
93.5
72
51
56
70
73
82.5
73
69.5
41
54.5
20
98
100
49
82
97
93.3333333333333
72
88.75
50
100
92
65
4
97
82
100
99
98
75
68.5
98
63
99
38.5
82
98
88
61
91
65.5
82
95
73
43
43
98
63
62
88
85
85
82.5
89
62
100
61
14
86.5
1
65
52
62.5
99
96
16
99.5
76
99
39
100
50
76
63
79
45
96.5
58
57
58
99
86.75
75
77
56.75
100
64
16
49
75
22
26
7
87
96
98
100
92
99.5
83
98
95
84
92
76
69
74.75
15
25
93.5
96.5
97
74
100
50
99
74
98
94
97
90
87
97
94
95.6666666666667
82
100
31
100
99.5
50.5
42
82.5
45.5
94
98
68
98
93
47.5
59
77
7
72.5
96
98.6666666666667
62
90
73
99
87
78
30
98
82
19
46
98
96
7
3
95
79
68
25
100
100
68
68
99
93
50
83
72.5
98
77
96
99
100
42
74
100
99
98
81
7
85
89.5
41
99
100
49
86
99
100
84.25
73
87
74
96
83
98
90.5
84
99
26
92
89
75.8333333333333
74.5
19
74
88.5
68
63
52
99
99
68
5
98
99
62.5
86.5
0
80.5
93
48
100
78.5
100
100
82
77
41.5
95.5
24
75
100
91.5
84.25
85
95
91.25
83.5
95
100
98
72
90.6666666666667
98.5
78.5
98
76
99
80
53
83.5
97
82.3333333333333
75
84
86
99.5
100
95
91
91
98
75
68
97
100
90
55
93
96
98
75
98
98
85.5
75
79
96
88
78
12
89
85
68.5
100
86
97
97
77.5
87
59.5
100
98
31
40
54
38
92
99
76
99
91
100
86
97
4
52
91
52.5
100
98
100
50
92
76
27
99
100
1
94.5
97.5
75
62.25
2
97
100
85
98
60
92
86
63
84
97.25
61
55
94
98.5
77
99
86.5
5
97
85.5
54
91.5
98
47.25
88
55
82.5
71.3333333333333
98.5
73
75
97
98
79
9
38
85.5
62
58.5
63.5
51
1.5
78
63
97
96
88
100
97
76
49
6
76.75
100
80.5
98
99
92.5
80.75
89
40
99
82.5
52
100
100
69
74
67.5
35
99
82.5
91
92
95
62
60
82.5
25
99
95
73.5
76
100
83
44
73
93
79.5
35
58
82
93
58
89
4
84
93
45.5
93
73.5
88
100
59
76.75
13
85
91
83.5
91
88
100
91
99
2
76
93
99
77
98
95.5
75
51.5
85
89
100
93
98.5
74
97
3
88
84
28
99
77
91
78
72
67.5
66
100
34
91
99.3333333333333
77
18.5
83
37
99.5
74.5
95.5
77
61
44
95
68
62
17.5
52
74
74
52
44
100
22
76
93
95
80
95
100
96
75
99.5
90
92
99
100
96
94
81.5
50
96.5
33
85
46.6666666666667
82
100
88.6666666666667
86.2
98
69
50
58
9
80
71
88
61
82
92.5
89
53
94
55
100
93
32
96
100
70
9
28
87
78.3333333333333
98
80.3333333333333
97.5
99
97
84.5
95
93
15
91
81.5
76
81
50
73.25
55
98
4
99
85
99.5
9
9.5
85
59.5
98
25
50
95
99
83
85
76
68
87.5
100
68.5
46
53
51
81.5
84
71
99
75.5
9
89
31
98
77
100
74
75
85.5
50
38
100
86
92
18.5
99
81
99
82.5
95
88
87
52.5
98
51
58
76
27
86
76
95
98
100
50.5
100
86.3333333333333
76
97
100
10
90
99
90
17
18
66
93
90
99
92
79.5
98
97
50.5
80
87
88.5
100
96.5
100
97
93
70.8333333333333
100
87
52.5
85
33
72.5
86
92
86
88
100
25
74
71
87
91.25
99
91
98
46
78
73
81.5
51
96
100
82.5
80
93
47.5
80
97
98
77.5
84
84
98.5
78.3333333333333
45
82.5
100
78
99.6666666666667
96
75
99
60
97
61
76
82.5
96
86.6666666666667
98.5
91
36
100
99
99
78
48
92.5
100
98
96
98
68
12
94
99.5
99
89
89
90
87
87.5
85.5
76
76
52
79
87.5
79.6666666666667
97.25
86
92
95
79
77.75
39
99
95
91.6666666666667
97
4
36
89
98
35.5
88
64.5
99
99
73
80
85
0
86.5
90
21
76
51
49
80
76
91.5
100
82.5
81
97
62.5
91
76
62.2
98
69
75
99.5
78
98
80.5
92.5
8
80
81
89.75
85
76.5
70
88
13
100
94
98
94.5
67.75
71.6666666666667
73
92.5
75
98.5
76
85
100
82
85
77
100
77
73
80
92
96
64.75
91.5
56
66.75
62.5
77
68.5
62.5
99.5
99.5
98
99.5
57
93
69
81
93
88.5
68.5
93
26
81
90
82
77
88
83
68
58
75
51
23
88
16
32
42
50
81.25
57
33
43.5
47
3
87
100
11
100
83.3333333333333
78
99
98
96
75
98
78
13
75.5
94
50
88
75
69
99
57
96
82
96
98.5
79
99
40
98
96
93
99
94
22
100
100
53.5
57
92
33
91
94
32
68.5
71
73
99.5
87
16
71
85.5
92
100
100
97
100
86
47.5
94
63
42
84
76.5
83
97
89
77.5
75
72
81
79
94
88
88
66.5
99
47
93
52
40
99.5
51.5
98
89
14
75
99
75
53
94
87
44
47.5
98
89
66
53.5
75
82
96
72
80
99
46.3333333333333
50
4
72.6666666666667
60
64.6666666666667
60
63
46
100
56.5
100
91
100
97
98
76.5
99
87
55
78
76
90
91
67
96
61
100
90.5
60.5
87
98
95
0
73
81
99
99
44
38
20
8
85
89
100
8
95.5
82
74
96
94
88.5
97
100
97.5
71.5
80
97
77
85.5
74
92
63
77
25
28.5
81
93.5
68
23
77
63
97
82
75
83.5
61
98
13
74.25
40
86
88.5
54.5
89
62
0
99.6666666666667
32
92
24
28
96.75
44
93.5
80.5
79.6666666666667
99.5
82
54
74
93
48
77.5
62
96.5
97
96
86
52.5
99
6
79.3333333333333
93
100
82
98
73
99
83.6666666666667
99
88
51
88
98
89
65
80
98.5
94
70
71
64
89.6666666666667
99
52
68
66
96
18
10
88
73
67
21.5
99
82
65
77
89.5
100
82
38
100
2
97
99
92
62
59.5
100
82.5
20
62
81.5
71.5
98
100
91
99
97.5
37
94
97
95.5
30.5
84
100
72
96
62
77
87.5
90
94.5
94
89
36
88
91
90.75
99
41
15
98
16
98
61
72
83
13.5
99
66
86
95
97
54
91
98
100
39
60
46
74
98.5
50
97
99
76
97
93
89
42.5
58.6666666666667
86.5
97
77.6666666666667
96
95
94
93
63
76
78
49
62.5
70
77
94
67
38
97
71.5
100
35
98
100
98
67
68
91
99
68
46
64
90
100
95.75
81.5
76
73
90
100
79
100
88
92
94
99
97.5
85
100
78
99
87
80.6666666666667
75
16
89
95.3333333333333
36.5
90.3333333333333
95
99
69
96
95
91.25
88
97
100
49
70.5
54
97
70.5
70
68
2
100
84
50
14
100
94
79.5
75
100
25
14.5
43
79
76.5
81.5
97
88
43.5
95
80.8333333333333
45.25
41
98
73
93
100
24
79
96
38
49.5
78
51
83.5
75
17
66.5
88
60
60
99
93
89
85
78
71
100
98.25
100
3
89
75
49
55.5
89
76
32
96
89
24.5
100
98
97.5
93
74
22
69.5
44
78
95
61
46
99.5
100
67.5
99
63.5
65.5
88
100
25
82
95
83.6666666666667
6
99
76
87
96
81
100
97
94
95
100
53.3333333333333
47.5
60
44
79.6666666666667
44
39.5
72.25
57.6666666666667
100
52
95.5
97
84.5
98
100
93
85.5
86.5
99
95
70
76
79.5
84
9
100
100
98
79
98
29
100
83.5
100
76
92
82
68
76
96.5
97
43
88
39
77
90
94
76
97
96
2
86
86
84
55
75
10
67
99
51
37
100
90
34
73
98
89
55
94.5
87
96
98
100
90
6
91
26
59
70
97
11
43
29.5
100
67
95
99.5
51
94
66
64.5
58
97
74
80
97
94
70.5
95
39
62
88
96.5
79
51
54.5
71
98
100
98
68.5
32
60.5
75
97.5
98
56
100
44
30
99
99.5
94
100
85
100
100
98
50
90
87
75
93
98
95
89
72
58
65
62.8333333333333
99
71
99
50
8
88
49
47
97
98
68.5
73.6666666666667
96
100
99.5
88.25
74
64
66.6666666666667
47
100
19
99
48
87
0
99.5
59
100
83
96.5
81.5
6
75
57
99
64.5
100
26
98
53
76
78
31
2
94
54
40.5
35
99.5
90
88
98
35
96
73
94.1666666666667
96
91
11.5
75
96
64
78
47
6
78
93
24.5
49
65
77
43.5
76
85.5
98.5
75.5
88.3333333333333
86.3333333333333
98
98
97
92
69
74.5
52
96
94
84
51.5
80
84
85
86.6666666666667
77
71
85
90
1
92
99
100
75
99
100
82
75
87
75
98
88
98
5
22
85
78
98
76
74
77
25
79
85
56
99
86
74
65
64
79
75
96.5
36
79
23
76
0
7
99
97
16.5
75
69.75
46.3333333333333
24
84
69
100
67
86
80.5
23
97
79.25
83.5
74.5
73
23
98
92
81.5
91.5
19
89
12
92
75
100
51
85.6666666666667
39.5
50
48
36
100
86
78
92
96
75
51
81
86.3333333333333
58
100
97
97
85
85
100
100
17
100
87
69
32
15
4.5
99
4
100
98
20.5
87
88
89.5
100
97
87
91
4
91
70.5
100
89.5
85.5
94
50
98
99
87
44
88
98
47
99
80
72
28.5
58.5
48
80
96.5
89.75
100
96
51
62
15
50
47
37
80
94
50
53
1
100
88
79
69
60.75
93
75
49.5
67
12
40
86
77
70
61.5
86.5
85.5
96
45.5
74
63
26
90
95
35
100
71
95
29.5
81
88
91
94.5
72
85
44
98.5
15
0
56.5
82
45
63
59.5
78
60
7
100
62
88.6
52
100
3
51
67
72
25
4
92
98
26
80.5
97
58.5
89
94
84
98
37
97
77
96
99
66
91
99
83
75.5
94.5
41
4
21.25
27
37.3333333333333
99
49.5
88
23
42
85.5
70
88
72
67.5
93
94
71
73
97
5
70.5
9
51
44
78
74
82
100
96
75
76
71
99
87.5
80
79
83
100
91.5
46.5
11
78
100
95
62
64
24
81.25
83
76
87
98
61.25
75
78
89
99
100
95.5
77
5.5
80
100
0
92
32
96
22
65
21
85
9
78.5
81
32
61.5
84
77
89
11
99
93
97
96.3333333333333
84
86
50
99
58.5
94
86
95
88.5
76
2
26
89
1
97
75.5
90
89
99
97
78
78.75
9
100
85
85
76
47
77
88
83
15
82
98
87.5
52
84
60
40
27
90
81.5
86.25
98
100
74
98
74.5
97
81
75
50
70
66
59
3
94.5
72
41
99
95.25
45
100
64
79
97
84.25
81
6.5
97
98
64
23
94
23
23
0
49
78
99
61.5
75
50
4
50
75
18
83
75.5
40.5
95
99
100
100
100
95
94
80
60.5
37
95
96
80
85
89
94
98
59
95
72
26
100
80
98
97
95
44
44
86.5
46
22
8
83.5
96
88
46
70
86.5
83.5
50
92
50
55.5
97
94
99
100
90
42
98
100
99.5
94.5
20
49
63
79
99
67
52
68
92
76
96
94
40
17
49.5
52
1
86.5
97
21
95
38
73
94.5
2
62
46
51.5
96.25
25
100
96
97
89.5
0
66
37
98
33
58
51
63
23
85
89.5
99
77.5
60
100
77
85
54
61
1
64.5
45
82
87.25
83
75.5
16
19
89
1
19
87
87.875
43
31
21
75
92
98
27.5
51
97
72
78
79
66.5
64
45
73
96.5
78.5
80
25
96
99
99.5
10
86
100
56.5
92.5
100
96
73.5
95
74
91
64.5
98
79
96
69
30
7
55.5
97
97
76.5
85.25
88.3333333333333
16
99
50
17.5
92
64
92
54.5
38
78
97
39
73.3333333333333
57
90.5
29
62
70
90
95
21
50
98
74
92
92.3333333333333
27
90
92
91
75
100
73
93
41.5
77
67
77
65
53.5
32
100
99
99.5
86
50
66
38
51
100
88
96
36
47
75.3333333333333
58.5
79
55
76
72
45.6666666666667
78
52
86
89
98
97
78
70.5
94
84.5
60
98
63.5
80.5
61
69
92.5
31
100
77
50
82.5
78
79
99
74
87
94
57
92
86
78
61
86
49
88
59
75
51
100
87
73
96
76
99
87
26
76
66
96.5
97
93
95
79
87.5
84
14
61.5
69
98
94
97.5
67.75
97
68.5
100
96
62
91.5
89
21
80.5
100
48
65
22
99
66.5
80
93
26
77
74.5
39
79.8
95
46
96
35
97.5
7
72
85
98
53
15.5
72
92
86
94.5
98
54
69
99
73
80
7
95
100
89
91
58
100
97
97
42.5
80.6666666666667
80.5
100
99
51
92
96
100
98
50
88
92.5
97.5
88
81
86.5
39
94
87
99
65
83
99
11
67
99
3
80.3333333333333
92.5
36
100
68.6666666666667
51.3333333333333
40
92
76.3333333333333
96
13
95
99.3333333333333
92
89
62
82
77
99
60
100
84
83
50
62
63
69
87.5
84
5
85
79
83
12
0
89
31
19
8
98.5
91
99
100
95
98
82
67
93.5
99
99
92
99
100
96
93
100
94
64
98
100
68
5
75
58
87
77
100
25
97
84
97.5
97
100
84.5
96
95
100
98
68
80
79
30
74
98.5
41
79.5
96.5
79.5
95
100
71
87
73
64
94
100
71
100
82.5
81
97.6666666666667
75
91
91
100
91
84
74
99
68
79
100
9
76
92
52
75
68
97
87
36
24
54.5
92
77.5
64.5
21.5
49.5
96
99
99
98.5
74.75
2
76.3333333333333
20
10
99
48
52
78
83
80
75
80
87
32
90
76
31
24
55.5
99
77
58
88
71.5
53
99
80.25
81
8
91
100
80
93.5
92
100
80.5
95
88
79
86
85
55
94
76
89
88
96
95
15
50
90.75
64
77
87
89
61
40.5
65
76
25
68
76
72
77.75
95
53.5
90
90
94
97
100
38
93
54
61
88
75
87
87.6666666666667
89
19.5
92
100
90
62
99
100
92
57.5
80
85
57
87
10
96
59
97
100
93
45.5
83
86
88
99
66
87
74.5
96
97
62
99
89
61
99
89
73.5
99
96
100
44.5
99
38.5
91
11.5
81
78.5
11
49
3
76.5
58
73
96
98
80.5
46
94
98
96
95
100
74.75
100
28
0
69
90
98
79.25
74.75
33
96.75
99
71.5
98
70
93.5
86
81
95.5
81.5
93
95
89
74
37
73.5
76.5
45.5
96
86
4
41
91
100
56
56.5
49
26
52
72.25
77.5
48.5
73.8
9
98
50
98
65
62.5
62
53.5
8
98.75
86
74
83
97
60
89
90
93
100
99
9
92
58
93.5
51
76
6
87
92
80.5
100
100
44
66.75
0
72
79
50
99
41
98.5
72
92
91
60
96.5
94
62.5
93
72
32
84.25
100
99
46
69
91
98
100
99
72
77
7
73.5
100
21
95
91
24
100
5
71
99
87.5
93.5
98
4
63.5
92
16
95
96
86
93
84
98.5
73.5
50
28
100
36
29
70
61
90
61
58
18
80
54
60
11
96.5
96
49
96.5
89
96
69
36.5
80.5
96.75
45
41
24
68
21
27
99.3333333333333
85.5
79.3333333333333
97
81.5
32.5
48
99
98
55
82
90
100
100
89
98
55.5
72
100
79
41.5
0
95
25
77
90
80
55
50
40
83.5
18
49
75
50
99
79
92
89
75
92.5
54
61.5
89
99
78
91
99
96
7
93.5
98
75.5
81.5
59.5
73.5
55
76.5
76
89.5
80.3333333333333
22
99.5
77
59
71
93
91.25
99
96
84
25
76
47
100
84
76
97
80
99
64.5
4
99
94
59
93
99
17
50
88
100
100
56
84
100
98
78
94
74
72
89
66.5
100
85
75
97
97
99
98.5
100
82
90
4
47
100
98
100
53
77
88.5
95.5
78
68
93
95
78
87
54.5
80
99
96
98.5
25
89
13
62
99
96
31
98
92.5
81
88
81.5
84.6666666666667
49
91.5
97
68
61
71
73
61.6666666666667
58.5
93
88
67.5
99
86.5
96
56.4
8
94
59
25
55.6666666666667
2
74
80
91.5
84
83
87
21
73
51
0
75
59
87
90
78
100
100
80
81
76
57
96
41.5
93
83.5
97
99.5
61
65.5
88.5
34
81
77
87
88.5
71
42
81
83
100
100
100
54
83
100
97
77
83
45
99
60
71
85
96
97
100
94
82
64
42
97
79
86
99.5
98
93
96
67
99
51
73
71
85
78
87
93
81
26
93
95
76
52
77
62
32.5
80
99
50
80
69
81
81
95
98
73
92
90
99.5
90
88
51
86.3333333333333
12
46
29
79
99.5
64
95
66
23
71
55
5.5
75
65.5
92.5
84
74
100
76
7
98
1
99
94.3333333333333
88
0
38
75
93.5
64
99
37
27
6
90
78
16
86
74
39
95
56
100
75
47.5
47
98
50
24
30
50
77.5
6
72
88
90
67
99
85
74
75
94
34
63
58
56
82
87.5
65
96
78
5
39
86.5
14.5
100
99
96
28
77.6666666666667
72
84
3
30
31
53
84.6666666666667
85
59.5
94
79.75
16
78
50
50
91
77
50
4
77.5
97
3
83
100
97
88
24
96
76.5
90
86
94
97
59
84.5
91
48
96
100
97
90.75
80.3333333333333
88
11
80.5
20
99
99
93
50
38
71
74.5
77
42
99
74
87.5
99
100
98
88
100
100
47
100
74.5
94
96
99
82
82.6666666666667
90.6666666666667
98
94
89
93
82
92
100
57
9
89.5
11
97.5
63
97
79
98
71
99
96.5
21
13
28.5
91
89
62
67.5
76
100
99
88
85
91.4
69
99
94
75
88
93
92.5
22
98
96.5
91
87.5
79
98
88.5
60
86
51.4
87
78
81
51
57
80.5
21
73
79
99
91
100
51
75
98
81.5
89
89
3
69
83
93
99.5
81
100
91
23.5
89
82.5
10
99
86.75
97
71
77
80
15
99
76
62.3333333333333
79
38
64
70
78
95
79.5
96
100
48
81
93.5
44
100
91
4
72
99
100
77
79.5
99
94
25
77
90
71
88
91
90.5
92
97.5
90
88.5
86
8
76
92
100
96
86
75
89
77
98
97
73.8333333333333
85.5
50
94
74.75
98.5
74
99
100
64
85.5
44
64
76
96
80
96
98
99.5
93
99
93
61.6666666666667
22
75
87.5
68
70
70
94
78
95
100
100
98
84
50
23
75
100
68
94
64
100
97
95
99
91.5
96
93.5
99
89
89
87
69
78
24
95
100
99
100
100
83
69
33
85
96
99
96
87
74
47
73
93
21
99
85.5
99
83
97
99
24
71
80
50
85
99
88
96
94
39.5
96
96
50
98
88.5
10
96
5
84
33
63.3333333333333
74
79
43
85
99.5
65
50
50
68.5
100
90
31
72
81
89.5
75
93
76
64
86
94
99
74
97
98.25
43
78
98
45
77
47.5
58
89
100
81
93
19
93
90
94.5
99
75
100
98
100
62
93
75
73
46
50.5
81
70.3333333333333
77.25
92
71
96
55.5
83
100
88
100
64
73
86.5
71
52
82
89
100
28
99
90
77
81.375
65.5
100
79.5
100
100
94
70
99.5
97
98
4
98.5
100
80
71
96
64
64.5
83
84.5
98
100
100
99
99
92
95
75
71
99
96
58.5
95
93
54.5
100
95
99
25
56
83.5
85
75
92
100
98
68
24
99
98
91
57
15
66
50
91
96.5
72.75
99
98.5
100
98
98
94.5
87
81
30
25
94
77
99.5
28.5
99
50
56
99
99
97
100
90
63
76
100
78
71
100
91
82
53
75
100
55
99
82.6666666666667
95
99.5
62.5
41
75
98
94
94
96
81
91
99
100
40
86
95
76
100
98
0
99
90.5
83
99
55
82
73
26
98
95
98
84
76
70
93
49
77
100
86
87.3333333333333
74
76
100
88
67
89.5
87
45
93
77
45
66.5
100
99
100
55.5
99
63.5
52
87
96
38
75
100
94
75
86
91
100
6
100
96.5
30
99
98.5
100
47
81
97
100
89.5
100
90.25
44.6666666666667
67
99
80
80.3333333333333
93
99
81
100
87.75
85
99
36.5
87
75
76
80
40
96
85
100
46.5
25
75.5
48
67
73.5
94.6666666666667
66
97
30
76
91.5
77.5
97
48
80
91
99
85
99
95
100
99
100
97.5
83
100
100
84
100
75
59
61.5
97
6
3
73
93.5
100
70
91
61.5
88.5
25
65
75
49.5
25
91
91
99
100
100
55
86
50.3333333333333
81
89
90
79
100
85.5
98
83.6666666666667
75
68
100
60.6666666666667
99
54
100
59
81
61
88
78
75
60.75
65.5
40
40.5
84.5
74
37
99
62
75
58
51
89
72
98
95
100
98
75
85.5
22
73
99
94.5
78
83.5
100
76
75.5
79
11
77
53
77
76
92
64.25
96
61
95.5
71
98
95
56
99.5
81
89
67
85.5
74
100
75
35
57
86
100
99
99
50.5
69
99
89
98
86.6666666666667
90
90
100
93
83
81
50
82.5
50
99.5
100
91
89
97
80
75
93.5
68
50
93
100
41
98
100
97
86
73
71
98
77
74.5
100
91
73
97
58
74
96
100
99
94.5
75
63
79
99
100
78
100
80.75
24
70
6
99
90
97
96
1
86
59
49
83
49.5
20
60
97
75
76.5
69
71
4
25.5
99
97
81.5
96.5
39
97
94
96
58
49.5
91
68.25
59
93
57
59
76
10
19
98
52
99
73
96
30.5
75
79
73
51
76
48.5
81.5
100
89.5
75.5
91
53.5
99
71
88.3333333333333
99
75
72
99
99
98
100
99
92.5
69
99
87.5
83
55.5
76
73
50
23
77
38.5
16.5
20
83.3333333333333
37
92
99
62
52
73
100
49
61
97
30
100
67
93
76
98
77
87
66
78.5
76
69
86
82.5
77
47
68
97.5
100
50.5
62
31
96
98
84
99
89
50
75
72
81
100
36
31
78
37
69.5
65
96.5
75
96.5
100
65
78
63.5
100
100
91.6666666666667
68
98
86
94
97
13
91.5
97
86
90
76.5
8
24
29
70
99
100
73
80.6666666666667
67
99
92
55
98
97.5
84
39
68
90
99
79
91
93
75
100
99
53
100
37
100
47.5
90.1666666666667
50
83
100
100
95
97.5
99
97.5
56
92.5
50
91.5
75
91
100
61.5
69
91
62.25
64.5
28
77
78
0
99
19
100
94
95
75
80
22
67
97
86
98.8333333333333
94
54
91
77
100
100
79.6666666666667
75
98
81
60.25
77
62
98.6666666666667
98
93
99
22
95.5
3
32
88
47.5
45
60.75
39.5
30
78
83.5
89.5
85.3333333333333
61
100
81
40.5
89
100
100
100
69
100
67
99
97.5
86
99
100
91
62.5
0
98.5
90.5
88.75
97.5
77
92
65
100
96
97
100
92
84
46
0
76
58
98
98
95
70
96.5
89.5
100
84
96
97
73
76
94
17
72
68
77.5
99
98
89
93.5
83
56
86
97
75
47
96
35
51
90
29
8
79
72
2
63
100
69
95
86
60
71
97
96
99
77
63
79
67
51.5
25
64
75.6666666666667
43.25
58
100
99
53
95
99
100
66.5
93
77
99
100
84
92
100
85
96
93
100
82
97
77
91
76
100
96
67
64
91
99
100
92
7
66
86
53
90
90
77
100
94
84
1
79
88.6666666666667
85
88
52.75
99
99
66.5
100
83
72
52
88
35.5
98
75
98
66
81
72
81
92.5
92.5
75
74.75
95
98.5
67
94
48
81
99
84.5
99
97
83
46
83.5
68
84
88
99
27
78
100
49
68.5
87
99
100
51
78
2
79
70
70
90
82.5
81.3333333333333
96
63
98.5
81
94
93
95
81.5
58
96.5
56
39
92.5
98
73
92
67
76
94.5
50
94.5
100
100
91.5
61.5
93
3
60
64
9
88
92
94
70
47
80.5
28
90
96
76
92
75
79
72
98
71
1
100
72
82.5
97
99.3333333333333
99
93
98.8333333333333
96.5
74
86
56
87
99
91
100
87
50.5
95
71
55
23
87
84
27
100
100
97
97
89.5
93
78.5
98
80.5
34.5
14
91
99
92
49
80.5
97
78
75
44
93
67
94
77.5
80
80
81
99
92
93.5
100
88
85
26.5
50
97
59.6666666666667
51
96
98
75
37
95
91
93.5
86
91
87
96
61.75
100
99.5
91
99
85
76
94
99
58
93
80.5
47
91
96
93
96
90
4
96
91.5
56.5
79
82.8333333333333
100
84
94
86.5
87.75
98.5
79
100
76
87
86.5
95
79
96.5
83
92.5
61
75
99
100
94
100
99
42
90
92
48
91
98
86
78
91.5
81.5
100
87
71.5
96
70
95
99
100
75
93
60
78
50
99
100
95
25
83
70
95.5
98
49
98
73
98
72
61.3333333333333
20.5
28
89
100
44
100
97
100
80
71
93
85
84
80
100
98
77
99
75.8333333333333
88
94.5
25
82
100
93
32
99
100
97
68
5
100
87.5
89.5
96
25
52.5
80.5
92
99
100
97.5
97
77
98.5
97
100
98
100
71
64
74
79.5
75
77.3333333333333
69
88
99
95.5
96.5
93
57
99
91
70.5
78
74
35
61
84
45
84
89.5
96
100
93
47
91
98
100
91
99
68
85.6666666666667
100
69
11.5
96.5
80
98
65
98
45.5
70
94
98
78
76
92
24
86.875
99
45
88
99.5
87
66
98
92
98
99
68
88.5
90.5
50
82
99
98
98.5
91
80
81.5
100
74
28
69
55.5
87
15
91
97
83
50.5
24
98
32.5
76
82.3333333333333
13
87
98
85.5
97.5
95
25
100
97
48
97
100
92
97
77
100
76
90
86.25
94
93.5
96
78.5
52
98
63
98
18
54
77
94.5
50
73
70
69
100
41
87.5
100
92
98
98
99
23
95
55
92
98
79
100
99.3333333333333
34
99
100
97
57
87
80
62
87.5
99.5
82
91
21
96
97
100
50
100
43.5
98
52
100
100
100
82.5
90
79
98
86
76
62
92
79
79
94
60
25
85
98.5
2
73.5
44.5
100
79
55
92
82
94
96.25
64
80
16
100
36
26
75
73
75.5
89
91
85
81
100
93
76
85
100
66.3333333333333
62.6666666666667
79
87
93
96
99
66
68.75
77
67
41
52
80.5
54
88
70
98
66
95
76
94
91
94
3
97
50
95.5
91.5
76
74.75
100
49.5
100
30
71
51
63
92
69
84
77.5
52.5
78.5
97
26
63
99
75
96
100
97
98
93
99.5
87
54.6666666666667
99
100
99.5
100
27
100
78
86
85.5
96
95
100
100
81.5
70
98
100
95
95
77
60.5
94
99
82
100
75
93.5
75
94
97
70.5
97
51
83
100
99.5
97
74
90
97
82
84
89.5
100
63.5
83.5
83.5
71
100
82
96
75
97.5
97
97
26
98
100
71
98
88
97
85
90.6666666666667
67
97
82
100
98
80
89
38.5
5
57
93.6666666666667
85
31
96.5
100
44.6666666666667
97
99
85.5
38
58
86
82
90
77
99.3333333333333
24
87
52
56
100
98
75
51
51
90
100
68
61.5
79
47
8
100
95
100
85
79.6666666666667
89
96
99
100
18
99
100
75
97.5
69
21.5
97
75
100
76
98
88.5
78
96
99
99
7
53
78
98
99
94.5
83.5
95
86
94
84.5
26
100
100
85
90.5
91.25
86
99.5
96
74
89
99
74.5
96
96
58
95.5
89.25
80
85
95
99
13
95
65
89.5
12
95
81
89
75.5
95.5
98
96
99
98
78.75
98.5
65
100
96.5
77
78
99
87.5
89.5
96
100
98.5
64
74
80.5
63
99
65
65
65
75
78.5
89
67
91.5
59
61.5
25
76
68
65
98.5
94
99
98.5
93
99
99
82
80
90
92
71.5
24
61
97.5
81.5
91
97
91.5
97
23
82
99
58.6666666666667
84.5
13
57
45
91
89
39
100
99
11
80
94
95
70.5
100
7
92
100
67
88
94
71.75
90.3333333333333
99
87
69
56.3333333333333
86
75
86
76
62
100
98
87.5
83
39
98
57.5
98
100
34
65
97.5
99
48
85.5
60.5
95
25
75
79
99
100
85
99
100
100
75
93
69
97
99
88
97
54
88
99
94
99
98
77
50
97.5
70
84
95
71
92.5
96
52
95
96
80
50.5
88
99.5
72
82.5
88.5
89
57
88
53
89
50
95
54
60
63.5
3
84
76.6666666666667
53.3333333333333
24
98
69
34.5
97
0
25
43
78
99
78
74
51
56.5
75.5
72
98
91
51
35
97
91.5
41
85
100
72
62
74
98
90
55
57
88.5
88
73
79.5
69
98
75
88.25
72
95.5
41.5
69
59
93.5
57
95.5
8.5
100
80.25
99
100
86
92
100
84.5
49.5
50
52
66
51
82
87.5
86
92
83.5
58.5
67
96.5
83
99
57
99
43
80
100
97
41
87.25
76
96
22
93
88
53
48
86.5
52
69
40
53
79
66
51
50
82
80
70
92
96
71
75
93
80
70.5
99
4
52
55
54.5
28
56
100
77
100
70
89
98
59.5
99
59
99
21
48
99
91
85
67
75
68.5
84
91
100
96
0
73.5
15
89
50
14
49.5
65
96
97
25
99
50
98.5
99
97
100
100
57.5
74
75
91.5
95.6666666666667
51
99.5
98
73
77.5
44.5
75
86
59.5
55
76
98
38
72.5
48
84
85.5
96.5
88
28.5
9
82.5
59
98
99.5
88
99
100
84.5
97
79
56.25
87.25
87
93
0
92.5
95
96.5
98.5
24
96
88.5
83.6666666666667
98
48
98
53
98
83
100
63
73
99
83.6666666666667
99
92.1666666666667
51
95.5
99
76
89
26
86.6666666666667
99.5
98
95
90
91
85
94
38.5
96
98
94.25
90.5
41
8
98
55.6666666666667
77
90
100
87.5
75
68
64
58
82.5
100
98
97.5
52
59
84.3333333333333
83
83
85
97
37.5
100
71
73
99
99
97
100
92
99
91
70
56
79.5
100
62
93
99
82.6666666666667
100
94
98
46
88
91
96
99
79
79.5
1
84
100
98
77.5
96.5
50
99.5
100
65
96
35
97
82
91
79
57.5
98.5
85.6666666666667
87.5
100
95
59
80
74
79
96
98
97
100
68
98
97
71.5
85.5
93
97.3333333333333
99
83.5
70
84.5
75
13
89
94
76
98
50
100
100
100
86
81
98
96
17.5
99
78
87
27
25
98
67.6666666666667
50
96.2
95
94.5
91.5
96
71
100
69.5
99
94
100
100
58
100
81.5
98.5
95
99
0
94
100
100
99
44.5
49
94
75
91.75
99
100
68
100
75
97
86
57
75
52
54
78
99
99.6666666666667
67
64
76
87.5
92
87
100
100
99
96
98.5
52
95.5
96
86
29
81.5
4
99
48
53
50
79
87
63
96
67
90
71
92
50
99
50.5
97
40
77
88
93
99
74
91.5
56.6666666666667
59.5
91.5
98.25
93.5
100
97
99
54
56
95
86
100
91
49.5
93
95.2
70
97
25.5
100
98
100
97.6666666666667
98
46
86
95
77.25
94.5
70.5
77
67
82
100
99
11
85.75
89
50
99
100
79.5
99
75
72
98
92.5
84
60
100
97.5
44
83.5
95
75
75
76
89
51
96
68
78.1666666666667
88.5
99
50
69
100
67
90.5
99
99
99
99.25
81.5
65
42
82
80
92.5
87.6666666666667
100
81.6666666666667
83.5
85
85
99
71
49
3
80
61.5
76
72
75.5
99
92
92
99
3
86.5
98
99
100
95
84
93
77
75
93
75
100
13
99.5
55.5
98.5
79
61
87
97
49
99
78.5
95
100
69.3333333333333
100
75
94
72
50
91
75
99
99
99.5
52
78.5
94
77
55
95
50
92.5
27
76
76
93
40
78
100
88
76
90
24
75
95
71
100
94
39
99
97
79
79
76
98
43.5
99
96
84
99
83.5
69
12
100
90
61
85
86
63
67.5
77
68
100
96
74
66
4
80
98
86
62
76
59
84
93.6666666666667
4
68
83
98
87
86.6666666666667
24
100
49
88
45
91
100
15
84.5
68.5
100
99
87.5
71
62
97
89
97
12
86.3333333333333
63
69
94
57
96.5
93
78
76
57
100
86
94
45
95
68.5
54.3333333333333
49
100
74
42.75
27
4
100
83
100
51
100
99
60.6666666666667
77
87
88
75
96
27
81
79
52
93
54
97
19
75
100
70.75
75
75
13
23
86.5
98
87
95
97.5
98.5
95
22
43
90.5
71
1
78.3333333333333
56
97
88.5
69
68
76
38
88
13
74.5
100
87
91
99
100
78
93.5
75
99
88
34
82
97
30.5
93
76
85.5
90.5
72
100
71
84.5
67
51
99
86
95.3333333333333
95
100
37
59
21
59.5
46.5
74
92
79
11
90
76
90.5
98
24
75
63
51
3
98
10
100
99
82
96
88.5
15
93
74
100
77
60
96
47
91
51
52.5
81
86
77
100
95
75
100
81
93
37
40
76.5
96.5
46.5
37.5
99.5
72
99
89
83
88
55.3333333333333
100
12
86
100
73
97
60
91
50
85
87.5
42
99
100
69
68
100
36
99
90
87
100
99
58
70
85
87
99
94.75
82
68.5
97
97.5
81
75
98
89.5
95.5
8
80
100
81
14
95.3333333333333
98.5
87.5
41
90
99.5
89
98
74
90
33
61
18
99
96
100
100
63
46.5
99
100
43
88
81.5
41
66
17
96
55
9
95
25
99
90.6666666666667
99
15
37.5
75
52
44
79
64
85.5
100
90.5
100
50
57
12
52
63
99.5
97.5
73
48
76
72
73.5
89
71
48.6666666666667
43
86
13
89.375
26
57
82
27.3333333333333
25
59.5
80
48.5
25
100
51
97.5
38.5
100
82
34
99
89
75.5
26.5
76
77
52
80.5
63
50
51
36
41.5
2
100
52
59.5
72.3333333333333
87.6666666666667
70
99.5
50
97.5
99
100
80.6666666666667
90.5
98
68.5
2
77
49
100
100
99
27
29.75
82
99
62
89
68
94
38
100
53
68
46.5
99
96.5
99
11
86.5
97
89
58
73
77
69
44
38.5
100
63.5
6
47
88
89
100
75
75.5
82
91.5
98
99
27.5
78
98
88
49
98
73
88
100
25
96
100
10.5
68
75
84.6
68
73.3333333333333
100
95
99
75
80
43
75.5
72
99
67
18.5
100
84.5
87.5
70.5
67.6666666666667
99
3
95
96.6666666666667
91.5
87
84.5
76
99
25
77.6666666666667
95.5
68
98
80
93
100
87
83
99
97
97.5
75.5
94.5
95
53
28
82
63
85.5
56
67.5
69
98.5
99
36.5
61
99
100
88.5
99
83
89
50
7
84
92.75
0
88
55.6666666666667
66
99
100
100
78.5
53
90
100
31.5
93
97
94
70
95
100
97.5
49
96.5
100
64
98.5
95
87.5
93
80
97
40
99
90.5
99
73
75
24
100
40.5
100
69
100
82.5
99
59
73
82
79
90.3333333333333
86.5
89
78
99
92
65
100
99
96
97
100
92
86
59
66
27
62
100
98
9
97
48
17
69
74.25
96
46
70
82.75
91.5
80
94
46
12
100
95
99.5
97
99
99.6666666666667
88
74
100
43
63
23
1
100
94
86.5
74
76
85.5
92
89
50.75
50
68.5
100
46.5
92
38
50
92.25
58
51.1666666666667
49
98
54
88
22
51.5
92.5
81
86
95
100
25
63
67.5
99
97
100
84
94
99.5
70
79.5
47.75
78
48
50
71
71
87
100
93.5
88
72
77
82
50
71
59
89
98
82
66
80
99
16
34
22
79
5
99
23
92
53
73
0
98
95
80
2
99
100
66.5
82
99.5
90
99
82
88
74
44
62.75
76
76
74
94.6666666666667
75
21
32.5
98
0
80
93
38
86
17
69.3333333333333
50
63.25
53
100
77.3333333333333
59
80
87.5
17
100
82
27
57
96
99.5
64
29
77
89
78.5
94
93.5
98
86.5
98
88.5
74
75
75
94.5
73
89
79
100
69
98.5
84
82.5
90
77
82
100
89.5
90
75
91
90
89
100
64.3333333333333
99
99
100
49
89.5
50
40.5
77
100
100
77
94.5
79
95.5
98
3
94
84
79
86
68.6666666666667
51
73
73
77
99
84
73
90
96
90
70
9
90
61
74
49.5
100
92
80
88.5
67
100
100
65.3333333333333
100
86
69
93.3333333333333
76
74
75
100
43
93
76
47
97
87
53
77
99
100
100
83
89
73
100
94
49.5
66
23
79
45
100
57
90.5
99
79
99
21
80
58
75
72
73.5
61
68.5
76.5
94
78.5
52
72.5
79
39
75.5
6
50
39
87
99
98
97
98.5
99
53
98
71
79
73.3333333333333
100
81
98
53
74
83.5
69
50
69
93.5
85
97.5
89.5
80.6666666666667
24
56
96
100
81
81
71
79.5
100
99
99
100
88
98
100
85.5
61
96
63
50
99
76
99
75
72
47.5
50
94
100
80.5
98.6666666666667
74
100
94
1
38
99
69
24
45
94
92
42
75
98
96
50
58.5
86.5
73
38.6666666666667
100
80
75
79
80
99
100
80
37
97
68
51
88
83.5
81
45
100
47
91.5
64
96.5
75
97
89
30.5
56.5
93.5
88.5
51
91
100
73
98
94.5
96
100
89
65.3333333333333
98
92
87
95.5
75.8333333333333
100
100
91.5
79.3333333333333
100
95
41
96
94
97
5
68.5
100
93.5
87
99
62.5
38
84
62
100
89
95.5
100
96
96
84
79.5
21
96
94
94
59
97
50
86
89
31
99.5
29
100
70
45
66
100
98
93
49
81.5
51
100
99
98
68.2
38
95
68
100
99.5
99
95
99
84
63.6666666666667
6
69
78
98.5
78
54.5
88.5
66
92
97
66.5
77.5
80
90
87
97
71.5
98
96.5
73
43
50
65.5
99
79
98
79.6666666666667
4
78.5
60
24
85
98
88.5
88
50
98
15
82
99
98
81.25
75
92
37
98
76
86
75.5
97
8
73
98
100
98
80.5
89
100
70
71
100
100
50
84
99.5
94
98.5
96
60.5
2
43.5
57
85.75
89
97
69
98
62
44.5
99
81
96
63
71.5
100
87
75
79
91.5
38
83.5
57
94
69.5
100
75
76
50
78
86
88
55
75
92
60
87
97.5
97
82
84
92
99
66.25
85.5
93
100
71.6666666666667
100
95.25
100
26
79
78
89.5
100
28
79
58
91.5
71
96.5
60
98
100
99.5
77
73.5
100
61.6666666666667
100
86
91
24
100
99
76
54
25
48
89
37
45
91
79.5
20
97.5
81
100
100
45
100
93
87
99
77.5
98
100
83
99
99
4
99
89
94.5
83
96
87
92
83.5
85
97
98.5
96
46.6666666666667
78
85
3
74
28
50
96
75
46
40
88
17
94
91
100
87
71
77
70.5
76
56
83
39
35
68
0
74
44
3
81
5
52
40
99
67
86
98
99
73.5
76
80
97
99.5
88
97
100
61
99
61
88
59
73
87
82.25
98
96.5
98
100
74
95
95
52
91.5
75
72
61.5
99
72
76
72
75.5
60.5
91
99
20
96
89
99
81
70.5
61
100
89
15
84
98
79
88.5
56.5
50
73
75
67
87
91
90
67
0
72
92
50.5
1
99
30
68
80.5
96.5
82.5
69
99.5
72.5
87
98
77
99
92
93
89
22
85
95
84
63
75
97.5
97
74
9
96.5
96
63
89
50
65
88.3333333333333
97
94
38
76
99
92
64
75.75
98
75
95
99
86
24
99
21
10
95.5
100
46.5
57.5
64
77
100
86
97
98
96
82.5
95
79
92
89
69
97
98
90
81
95
87
22
38
89.6666666666667
78
90.5
89.5
97.5
99
98.5
96.5
75
90.5
77
78
98
86
94
82
100
63
99
71
55
99
96.25
70
91
84.5
76
100
93
44
90
79
99
91
76
80
85.5
88
97
100
91
96
98
81.5
80
95
78
97
82.5
99.5
94
52
76
77
98.5
99
96.5
98
84
84
87
99
98
95
81.5
98
83
81
98.5
96
98
99
99
86.5
96
97
65
57.5
100
93
36
99
64
76.5
50
97
99
99
89
93
94.5
82
87
94
15
99.5
95
42.5
85
97
13
77
81.5
89
51
80.6666666666667
43
68
97
77
23
87.5
78
89
5
99
87
99
43.5
97
77
91
100
84
77
87
73
69
99
95
49
93
75
22
99
89
42
95
89
67
73
87
100
88
29
75
72
97.5
50
64
95.75
72
93
91
62
82
96
41.5
51
97
100
99.5
50
98
65.5
51
98
44
49
96
81.75
52
72
100
52
100
98
76
100
53
27
70
87
92
51
99
85.25
97
37
94
92
77
14
95
90
64.75
11
75
83
87.5
100
73
48
88
92.5
60
90
97
64
97
85
55
98
50
83
87
5
96.5
64
88.5
98
4.33333333333333
70
87.5
8
92.5
98.5
26.5
48
49.5
75
55
45
98
99
69
36
99
100
85
53
75
68.5
97
54
53.5
72
95
7
63
44
91
79
97
98.5
89
7
99.6666666666667
100
95
96
56
72
96
98
63
93
0
94
47
98
75
29
72
76
75
6
77
59.3333333333333
89
71.5
76
79
26
28
99
100
86
97.5
78
98
62
82
73
50
80
77
98.5
100
87.5
95.75
60.25
89.5
57.5
87
88
66
65.6666666666667
76
94
11
37.5
76
41
87.5
99
87
72
48
10
73
73
99
57
74
75
53
78
32
85
100
99
92
90.3333333333333
76
63
96
98
97
55.5
87
87
80
83
77
100
99
88
100
51
99
88
100
96
67
50.5
79
60
91
65
98
99.5
3.5
90.5
43.5
64
94.5
75
77
72
83.5
86
51
37
81
50.5
98
83
43
89.5
65.5
98.5
97
93.5
75
100
62
100
100
25
100
97
86.5
87
50
99
21
66
1
87
98
80
93.75
17
6
90
72
65
81
75.5
28.5
66
98.5
40
100
100
50
71
87
43
49.5
3
98
98
94
99
24
94
75.3333333333333
76
79.5
47
5
83
38
54.5
33.5
93
80.5
76
76
29
40
83
81
90.5
62
77
22
73
88
97.5
98
98
92
96
64
95
100
75
76.5
78
88
51
63
98.5
82.5
17
67
53
89.5
13
33
97
54
53
80.75
86
97
88
90
98
94.5
97.5
72
64
100
86
63
99.3333333333333
76
51
97
61.6666666666667
96
100
70.6
98.5
77
99
90
96.5
98
90.5
2
75.5
91
97
97
94
31
68
77
78
24.5
87.25
37
74.3333333333333
87.5
23
98.5
78
42
86.75
95
100
69
93
72.5
86
94
90
84
100
55
86.6666666666667
86
72.5
100
97
97
100
93
100
89
93.5
98
80
90.5
50
85
94
80
70
14
79
27
100
88
85
78.5
95
79
38
57
75
96
100
0
87.5
79
64.75
94
93
96
87.5
75.5
83
98
82
81
75
99
37
75.6666666666667
68
22
68
31
48
99
17
77.5
43
11.5
99
46
96
77
99
90.6666666666667
92
93
97
73
72
43.5
87
99
77.5
75.5
98.5
30
95
76.5
71.3333333333333
96.6666666666667
21
75
71
70.5
84
13.5
21.5
62.5
85
0
73
75
64
3
96
60.5
88
70
0
89
86.5
97
49
68
100
94.5
68.6666666666667
99
98
14
70
30
25
3
95
88
98.25
39
95.3333333333333
98.25
59
100
99
72
57
63.5
86
81
87
49
66
93
38
46
4
78.5
100
77
97.5
95
61.25
77
95
81
95
99
29
1
73.5
32
80.5
91
89
71
77
58
87
15
76
48
74
91
100
92
93
88
100
100
90.5
76.5
24
99.6666666666667
0
95
51
99
86.5
81
99
98
29
99
86.5
79
60.5
79.5
96
78
76
18
90
42.75
6
25
100
39
79
84
85
83.5
55
86.3333333333333
78
98
24
88.5
64
93
66
42.5
50
100
75
37
98
75
85
60
99.5
91
87.5
50
91
76
43
90
33
46
59
66
57
50
100
99
89
41
59.6666666666667
72
87.5
95
9
1
72
97
94
99.5
26
80.5
90
11
42
72
100
98
26
59.5
62.5
64
99
69
83.5
83
57
100
6
94
100
98.5
84.5
87.6666666666667
95
96
80
73
19
68.3333333333333
57
98
56
48
98.6666666666667
99
50
96.5
94.5
54
89
56
82.5
15.5
97
79.5
98
65
97
100
86
92
45
4
77
93
82
51
83
77
69.5
95
41
81.5
95
74
63.25
81
65.5
85
100
82
98
57
57.6666666666667
90
41
100
99
98
85
57
94
3
50
88.5
77
86
97.5
75
99
72
98.5
37
89
78.5
22
5
87
73
100
100
52.5
65.5
89
89
94
49.5
72
98
16
79.75
94
55
99
96
67.5
82
94.5
50
14
71
69
69.75
99
31
65
67.5
100
93
92
88
99
39
86
95
14
93
99
97
97
90
35
86.5
51
3
70
96
82
99
85
77
2
22
91
97
92
100
48
75
20
22
56
63
30.5
40
69.5
75
43
10
91
40.3333333333333
98
84
43.5
87
89
29.5
70
45.5
99
55
100
67
88
4
93.5
62.5
53
72
0
34
75
0
57
95.5
46
17
75
51
87
50
50.5
89
99
100
55.5
38.5
85
99
37
61.5
63
66
75.5
99
41
29
100
58.25
95.5
79
96
56
95
95
99
76.75
0
68
58
92
99
79.3333333333333
39
22
81.75
86.5
98
100
98
97
59.3333333333333
58
46
76.5
87.5
100
89
100
74.75
100
82
94.6666666666667
89
100
34
22
86.5
91
76
69.5
98
82.5
98
99
85
97
100
99
71
98
100
96
22
50
65.5
93
23
63
100
98
74.5
92
93
75.5
51
75
71
0
77
7.5
52.5
99
90.5
16
8
88.5
86
64
53
39
99
56
11
7
65.75
50
72
95
84.6666666666667
59
99
69
13
61
6
80.5
28
100
61
74
95
88
47.5
18
75
25
50
48
75
99
29
81.5
91
62
37
17
78
2
31
26.5
40.5
72
60
95
72
45.5
50
76
78
67.5
97
100
50
100
72
99
51
93
49.5
47.5
85
77
74
68
81
17.5
53
55.25
98
61.5
79
60
11.25
63.3333333333333
8
90
73
68
66
48
52.25
52
84
0
88
51
99
100
65
99
23
30.5
43.5
98
78.5
63.5
73
80
74
79
94
97.5
81.5
50
95.5
52.3333333333333
95
89
83
99
90
35
19.5
93
87
99
70
16
91
72
78
84
85.25
53.5
70
100
91
62.5
55
63
89
94.3333333333333
81
98
94
37
100
78
75
71.5
53
2
49
78
51
96.5
98
56.5
94
75
100
58.6666666666667
49
100
92.5
99
50.5
10
3
38.5
72
100
98
78
92
62.6666666666667
74
99
90
84
100
100
62.5
99
80
81.5
40
99
86
99
87
94
53
1
60
15
95
81
85
94
96
63.5
87.5
79
55
98.5
77.5
27
8
89.5
20
95
75
71
37.5
58
88.5
36
90
92
83.3333333333333
67
64
50.3333333333333
78
91
75
73.5
65
99
54
66
95.5
57
50
57.6666666666667
71
81.5
31
57
98
51.5
64
80.5
23
70
58
65
0
98.5
55
99
72
76
94.5
81.5
26.5
94
50
31
61.5
49.5
85
73.5
29
24
42.5
96
100
75
92
98
72
100
75
100
100
94
71
94.5
95
85
93
13
99
100
88.5
96.5
62
49.5
99
100
99
96
95
6
82
36
7
47
98
7
77.6666666666667
26
90
87.5
72
92
65.75
42.5
85.5
2
100
81
73
29
37
82
51
47
67
88.5
75
25
30
94
96
86.5
86
99
80.5
100
25
51
8
91
99
23
36
95.5
70.6666666666667
97
64
58
71
51
82
50
98
76
36
71
76
0
100
100
69
96
73
47.5
30
97
77
22
84
77
85.25
94
100
44
100
8
88.3333333333333
77
83
80.5
100
50.5
64
66.25
67.5
99
36.5
69
56
3
70.5
51
61
60
49
93
25
97.6666666666667
75
93
76
40
80.3333333333333
71.5
57
0
28
96
99
64.5
62
75
72
66
8
46
57
92.5
75
96
63
5
94
64
78.5
100
45
73
56.75
87.5
80
100
72
84
88.3333333333333
0
73
67.75
71
80
26
75.5
7
59.75
97
96
100
56
55
68.5
34
41
86
70.5
43
88.5
80
0
94
86
95
88
8
80.6666666666667
3
84
25
47
96
95.5
29.5
93
48
50
31
27
75
63
77
15
47
97
75
100
100
67
89
43
50.5
65
51
84
74.5
97
42.5
95
94
0
44
96
50
71
98
97
100
94
91
63
87
77
97
50
39
96.5
39.6666666666667
99
61
82.5
66
86
64
50
100
96.5
34
66
95
32.5
75
40
6
65
69
51
53
99
82
37
84
50
86
94
91
29
76
6
99
76.6666666666667
76
76
99
64
97
98.5
50
99
60
73.5
36
88
100
63
91
39
56.5
79
99
76
65.5
27
85
56
49
72
89
33.5
21
41
96
70
97
94
100
99
12
60.3333333333333
89
89
98
19
63
27
81.5
73
70
85
47
80
47.5
95.5
16
90
97
67.25
95
42
97
99
82
76
88.5
99
43
56
88
97
84
79
75
64.25
79
48
61
27.5
83
75
74
88.5
88
98
84
98.6666666666667
75
96.5
95.75
81.5
17
98
61.5
98
95
100
97
75
55.5
75.5
95
88.3333333333333
60.5
88
67
64
94
70
91.25
9
97
66.5
13
32
62
85.5
82
10
99
48
33
74
74
18
88
70
83
48
89
69
53.5
85
89.5
100
86
100
61
78
98
91
84.5
85
81
75
80.5
99
56
67.5
75.8333333333333
71
100
96
93
77
82
94.5
99
65
68
5
99
100
95
77
52
99.5
93
95
56
100
89
95.75
100
84.3333333333333
79
69
96
86
75
46
100
91
19
76.5
95
81
86
75
98
79
69
70
16
95.5
45
77.75
75
82.3333333333333
37
62
74.5
53
92
98
91
68
82.5
94
79
100
43
0
99
99
81.5
97
50
99
48
67
64
88.5
72
92
68
99
79
97
39
95
24
70
83.5
58
85
73
98
82.5
99
52
14.5
32
98.5
5
98
25
82
68
62
100
37
48
78
49
100
50
59
92
91
91
68
75
82.5
86
0
2
99
97
90.5
45.5
83.5
21
100
98
84
100
70.5
94
55
81
1
87
75
97.25
80
25
62.5
66
83
4
39
92
68.5
31
98
9
99
64
5
53
1
62
92.5
94
54
79
4
58.5
29
96
0
97
97.5
4
0
17
98
78
76
32
34.5
35
80.75
96.5
97
10
45
99
9
37
62
95
96
85.5
52
63
99
95
98.5
100
77
42.6666666666667
85.75
90.6666666666667
0
48
91
81
97
72
99
43
72.5
73
96.5
78
27
97
55.5
94
80
48
73
85
57
56
52
99
88
65
94.5
81.5
98
30
81
65
93
100
47.75
61.5
98
37.5
93
29
99
98
84
98
96
85
93
96.5
6
99
81
69
99
51
48
1
93
100
88.5
62
51
51
85.6666666666667
24
52
84.6666666666667
91.3333333333333
45
67
61
99
90
39
10
61
86
83.5
65
31.5
74
46.5
34
24
49
11
24
82
80
98.5
8
63
47
92
65
93
99
95
74
96.5
99.5
81
100
0
75
94
31
100
84.5
81
90.5
74
91
80.5
38
88
53
100
25
73
74
97
63.5
59
99
90
87.5
50
75
85.8333333333333
86
86
95
94
100
75
56.5
54
79
89.75
90
30
1
60
96
82
7
99
82
86
97
11
97
20
85
98
75
15
89.3333333333333
91
84.5
99
54
0
5
56
63
48
100
99
53.5
65
67
90.3333333333333
49.5
83
52
96
50.6666666666667
83.5
76
97
81
96.5
89
70
57.5
57
23
60
59.25
54
82
83
96.5
49
76.5
66
80.25
85
55
79
82.5
96
37
75
94
65.25
86.5
99
52
99
72
90
44
54
67.5
9
50
12
96
44
63.5
99
66
46.75
83.5
83
46
92
78
59
98
51
93.5
59.5
0
87
90.5
100
61
73
94
40
91
56
86
85.5
96
98
98
29
91.25
96
79
49
72
78
97
100
56
50
62.6666666666667
97
98
95
29
75.5
66
85
99
98.5
11
5
95.75
96.5
80
95.5
100
84
35
69
95
83
62
32
42.5
96
90
91
100
99
99
76
67
97.5
97
45
95
75
97
91
83
86
85
98.5
98
98
100
97
80.5
18
23
100
67
99
75
99
24
94.5
3
40
79
69
44
73
21
89
82
90
53
99.5
77
42.3333333333333
86
75
82
95
54
86
82.25
94
90
26
69
64
20
54
74
82
29
14
82
89
47
36
82
59.8
54
87
46
86.25
59.5
80
37
84
65
50
41
63
13
88
89.5
99.5
93.6666666666667
84
33
98
89
74
63.5
60.5
54
0
36
68
91
62
65
99
66
78
51
63
42
91
99
57
22
79
9
38
98
75
0
64.75
43
92
83
92
100
77
90
47.3333333333333
98.5
77
89
2
49
51
100
87
85
15
66
99
56
93
87.6666666666667
77
74
45.5
79
74.5
52
100
47
93
50
54
39
99
32.5
28
94
22.5
83
93
83
74.25
15
87.5
99
81
60.5
50
57
87.25
52
42
77
70
100
65
46.5
98
0
62
61
75
45.5
43.5
98
56.5
60
100
96
98
64.5
64
79
52
80
84
43.5
50
76
100
54
97
98
78.5
39.6666666666667
74
92
74
93
76
13
70
83
87
19
99
80
47
38
45
10
79
96
78
61.6666666666667
91
97
64
53
4
48.5
52.5
96.5
51
18
39.3333333333333
73
94.5
92
99
38
88
48
62.5
90
53
50
49.5
25
81.5
59.5
49
36
69
38
94
23
87
22
26.8
11
51
8
24
77
100
96
87.625
26
77
98
89.5
85
89
32
100
96
0
7
99
72
51
91
87
72
85
6
88
95.5
7
17.25
69
96
89
100
98
72.5
75
67
13
0
63
6
36
67
94
24
64
75
98
82
99.5
100
90
78.5
91
90.5
78
100
98.5
98
96
44.5
10
99
81
93
68
75.5
56
100
63
97
75
73
83.5
51
74
66
28.5
99
25
72
82.5
88
63
66
63.5
93
100
100
53
75
74
100
99
55.5
96.5
41.5
82
9
51.5
39
98.5
83
96.5
49
84
100
83.6666666666667
97.5
93
51
34
95.5
99.3333333333333
76
12
97
13
89
99.5
75
91
14
38.5
54.5
87.5
86
10
86.5
36
98
63
49.5
69
95.6666666666667
97
75
98
29.5
51
86
80
91.5
93
70
36
93
98
87.5
72
36
98
100
67.5
99
87
100
25
87
81.5
91
70
90
75
77
99
100
25
99
98
81
49
88
91
97
41
65
97
86
96
100
99
99
25
95
100
76
97
65
46
100
55
91
49
72
98.5
87
82.5
99.5
94
98
80
79
98
47
96
74
98
37
98
97
50
96
97
99
93
65
97.3333333333333
75
75
91
63
66
93
94
92
76
40
98
90
97.5
100
75
97
81
98
96
99
87
99
45
98
93
95.75
97
73
95
98
95
99
100
97
94
69.5
92
90
100
69
97
80
83
99
100
58
100
100
99
52.5
93
99
50
98
81
98
75
97
100
78
25
51
33
100
99
66
86
46.25
88
99
21
35
57
61
99
100
86.5
64.5
95.5
99.5
100
97
100
50
94.5
95
92.5
44
41.5
96
89.5
86
62.5
85
67
71
70
50
99.5
97
57
100
91.5
73.5
94
65
88
93
2
76.5
52
88
97
98.25
99
26
95.5
26
86
80
63
46.5
95
46.5
59
100
93
59
100
98
100
84
88
93
7
93
55
99
77
90
72
64
73
60
84.5
45.5
99
95.5
97
19
59
44
23
73.5
74
97
93
80
98
99
81
49
62.5
99.5
76.5
88
1
69
5
83.5
94
80.8333333333333
79
51
74
96
52
50
69
98
100
100
92
74
89
100
86.5
71
99
90
68.5
65
67
78
96
75
65
96
1
77
83.5
78
25
71
68
99
59
32
3
25
80.5
99
99
100
66
96
76
69.5
91
51
88
99
73
4
84
96
56
95.5
95
98.5
22
87
99.5
51.25
100
63
63
97
85
78.5
95
100
46
84.5
56
81
3
10
74.5
71
61.5
85
99.5
8
74.5
91
100
97
92
50
99
95
60
37
99
96.5
94
74
96
70
64
95
99
93
99
79.6666666666667
52
95.5
95
91
98
96
99.5
86
62
93
100
100
97.5
68.5
95
97
73
99
99.5
70.5
78
62
89.3333333333333
78
50.5
69.5
70.5
98
69
99
99
92
96
83
69.5
98
98
84
99
75
95.5
7
97
100
69
34
60
100
99
90
100
100
75
68
81
98
89.5
83
74
81
98.5
69
75.5
94
95
88.75
78
98
87.75
2
81
78
96
78
96
9
97
95
97
11
36
18
75
100
27
20
88
74
81
34
78.5
80
68
94
24.5
76
88
97.5
100
22
81.5
45
90
98
79.5
73
92
32.5
85
35
96
83.5
86.25
75
99
85
69
71.5
99.5
72.5
95
78
18
99
18
99
82
98.5
95
89
90
96
72
100
87
71.5
92
76
80.5
50
73
0
86
59
51
71
77
99
84
51
69
75
100
78
81
72
50
100
37
100
26.5
51
25
81
75
97
77
55
56
99
10
100
71
64
39
75
89
94
76
82
20
16.25
22
100
85.5
84
75.6666666666667
6
91
68
100
45.5
97
75
93
92.5
65.3333333333333
82
36
51
50
63
89
44
88.5
88
73
78.5
97
97
52
77.5
98
85
88
98.5
100
93
80
100
85
99.5
69
100
50
100
36
90
90
95
100
99
13
87
86
100
100
81
100
99
90.5
63
100
97.5
67
0
83
2
76
100
98
77.5
86.5
94
91.75
87.25
96
6
93
94
96
75
32
70
100
85
32
50
26
80
95
94.3333333333333
99
3
32
44.5
95
87.5
69
99
100
40
47
55.5
96
63
3
16
25.5
21
69.3333333333333
84
50
47
82.75
61.5
93.75
89.375
89
1
79
66.5
25
93
78
74
86
85
50
95
100
71
93.5
92
75
73.5
63
26.5
99
16
80.5
80
56
75
86
98
96
50
90
85
84.3333333333333
76
87.5
51
27
50
99
87.5
83
72
81
76
80.5
97.5
92
75.5
69
88
15.5
89
71
45.5
89
98
84
75
56.5
76
72.4
99
99
99
28
93
99
100
100
84.5
94
33
68
68
74
99
26
48
78
99
97
2
60
87.3333333333333
89
64
92
93
90.5
73
100
76
42.3333333333333
59.5
78
0
100
90.5
100
67
71
81
100
20
100
50.5
92
71
88
99
97
96.5
100
88
65
99
89
99
62
77
18
95
87.5
67
99
96.5
69
93
94
23
82.5
99
70
97
95
82.3333333333333
92
76
96
59
23
95.5
93
94
7
93
77
98
88
89.6666666666667
91
83
74.5
99
95
56
81.5
50
94
82
0
78
76.75
69
62
99
63.3333333333333
49
100
83
75
64
85.5
75
98
84
83
7
90.75
97
91.5
78.25
98.8333333333333
33
87.5
6
36
99
100
58
50
72.25
77
88
63.3333333333333
28
82
96
92.6666666666667
98
37.5
98
83
69.75
76
68.5
97.6666666666667
91.5
0
9
44
77
99
97
91
61
81
96
52
49
29
95
98
90
84
100
70
100
97
27
100
99
96
67
91.5
89
95
97.5
4
100
50
78
50
70
89
55
95.5
92
100
100
99
96
100
98
13
44
59
100
1
89
57
77.25
9
97
93.5
99
65.25
58
72
97
82.75
91.5
13
94
78
58
96
67
100
95
75
85
82
100
50
88.5
49
74
80
50
51
100
91.75
30
79
23
100
53
1
50
86
90
97.5
50
50.5
94
51
87
72
97.5
93
54
99
51
51.5
81
98.5
100
70
5
25
91
100
100
74
100
21.5
84.5
100
19
12.5
62
97
60
45
78
50
96
77
77
94.25
42
82
63
72.5
74
99
64
65
16
65.6666666666667
33.5
86
75
78
71
74
37
74
68
80
99
95
66.5
64
83.5
91
30
99.5
58.5
80.5
90
28
99
12.5
91.5
15
81
92.5
92.5
99
78
77
92
59.5
93
86
12
34
40
20
56
89.5
90
97
76
75
55
97
45
91
77
65
91
91.5
36
98
69
93.5
87.5
67
62
89
79
25
92
85
84
88.5
90
94.5
89
100
96.5
99
70
88
4
65
52
55
92.5
73
99
97
78
96
100
82
79
70
100
90
98
46
79
74
99
13
95
28
37
94
51
31.5
78
77
1
96
72
75
76
4
80.5
67.25
99
78
100
74
82.5
90
82
100
83
100
100
66
97
78
98.5
63
56
97.5
100
85
6
25
99
65.5
95
48
55
31
94
85
64.6666666666667
89.5
66
94
99
100
86.5
29
97.5
98
35
100
79
71
100
76
62
78
92.5
100
85
87
100
77
48
61.5
100
87
13
61
48
51
25
73
100
99
84.5
65
74
95.5
92.3333333333333
74
26
69
79
97
72
86
89
98
87.5
70
86
79
71
98
94
100
74
99
82
51
91
78
74
89
69.25
96
94
74
99
99
80
95
92
43
84.5
99
74
67.5
94
91
94
81
62
99
94
44.5
52.5
98
81
47.5
62
77
99
77
80.5
99
68.5
98
94
25
77
99
99.5
99
68
98
50
65
51
95
97
87
52
100
92.5
100
64
90
63
15.5
83
92.75
68.5
92
81.5
87
100
75
66
89
72
95
15.5
100
56
92
100
47
81
52
94
88
94
54
83
95
99
76
95.5
98
92
99
77
75.8333333333333
94.5
88
99
85
87
84
99
97.5
100
97
5
58
87
87
96.5
100
23
72.6666666666667
84
57.5
74
88.5
91
86
92
91
56.3333333333333
76
96
92
84
79.5
95
91.5
51
86
23
78.5
77
96
99
69
88
88
77
97
50
77.75
34
79
79
61
91
97
98
98
75
98.5
68
100
80
34
100
99
99
98
78
32
52
54.5
77
87
51
36
86
91
94.5
100
85.3333333333333
100
51.5
55.5
94
87
53
82
98
99
80
75
60
54
40
39.5
98
61
70
31
84
79.5
96
83
11
25
100
64.5
80
100
100
99
100
99
9
78
50.5
97
35
95.5
98
100
100
80
92
97
94
98
100
48.5
64.6666666666667
89
94
97
94
60.5
48
38
87.5
74
92
77
55
43
50
57
52
96
98.5
99
97
88
39.5
75
50
93
88
58
98
69.5
100
88
9.5
72
78
48
75
98.5
92
80.5
93
97
98
95
66
92
79
53
80
77
98
93
97
75
62
77
84
99
84.5
60
40
81.5
76
87
95
98.5
98
66
81
94.5
38
100
88
84
73.5
76
69.5
63
96
99
94
83
51.5
88
42.5
100
24
1
99.5
73
24
83
79
75.5
98
75
99
83
95.6666666666667
100
93
100
99
90.25
100
66
59
78
100
100
71
99
55
79.75
66.5
83
84.5
63
97
49.5
81
67
96
39
74
85
76.5
28
99
98
50
55
100
76.5
36
76
100
61.5
98
99
97
48
46
98
94
25
100
83.5
83
67
52
83
87
52
33
99
22
67
99
99.5
96
98.5
80
88
97
67
99.5
73
80
4
100
87
98
100
87
94
61
100
85.5
97.5
46
99
99
100
100
74
96
75
100
79
89.5
33.5
47.5
99
63
78
66
46
91
99
91
88
94
83.5
80.6666666666667
97
99
100
21
99
67.25
48.5
95.5
57
97.5
87
64
43
77
74.5
100
91
85
91
100
96
6.5
88
73
99
100
92
22
85.75
83
68.5
68
86
73
50
85.25
87.6666666666667
75
72
83
87.5
99
43
75
96.5
100
83
100
98
57
28
81
96
84
38
99
69
92
38
58
100
99
79
99
21
86.6666666666667
100
98
11
57.5
64
87
86
99
68
56
97
79
89
71
63
98
100
46
92
91
92
99
86.5
72
50
18
84
75
89
95
97.5
76
99
75.5
26
76
89.5
80
96
88
87.5
99
98
76
98
10
93
35
72.5
94
100
53
66
86
98.5
99
100
44
76
79
91.25
99
96
62
98
81.25
100
96
99.5
73
15
84
53
77
75
52
98
95
51
46
98.5
98
32
54
86
100
86
94
86
98
30
98
74
50
100
60
97
51
90
98.5
95
100
21
57
92
97
100
65
10
99
76
68
96
99.5
70.5
92
98.5
26.5
96
99
72.5
97
86
90
97
99.5
69
88
100
91
81.5
98.5
45
75
97
97
60.5
79
59
84
99
93
72
97
46
54
99
79
98.75
83
40
55
95
91
82
71
62
53
0
74
99
37.5
100
99
88
75
76
71
60
43
65.75
37.3333333333333
80
84
83.6666666666667
65
76
91
98
82.5
90
99.5
99
74
50
68.5
73.5
100
99.5
92.5
98
91.5
76.5
90
98
98
98
84.5
11
60
89
77
96
98
100
53
75.5
77
86
88
94
75
94
92
23
100
69
50
64.75
83
24
100
78
89
42
96
64
8
71
67
99
14
84.3333333333333
8
65
50
85
42
22.5
96
95
63
25
59
99
80
53
74
7
83
91
96
83
25
99
85.5
100
99
29
93
58
84.5
54
96
91
79
100
89
100
75.5
12
90
92
57
44
98.25
39
94
60.5
98.5
88
65
25
98
65
30
89
91
66.3333333333333
82
76
98
53
75
99
31
88
99
93.5
93
26
100
84.3333333333333
51.5
99
99
85
60
47.5
48
82
81.5
62
69
99
72
100
45.5
100
96
95
84
17
84
73
92.25
100
91
92
90
75
75
44
51
100
3
4
76
72
62
91
96
32
41.5
0
53
55
96
39
51
76
56
99
10
96
43.25
97
72
70.5
64
37
89
65
77
75
90
100
98
50
10
23
88
99
54
99
90
79
42
99
98
91
84
44.3333333333333
61
100
90.5
87
67
46.5
75
62
80
14
41
0
12
60
70
88
89.5
99
98.5
97
100
99
70.3333333333333
100
94.5
71.5
75
97
41
99.5
95.5
75.5
0
87
44.5
94
2
99
14
95
38.5
28
23
63
97
100
99
96
51
100
13
28.5
63
95
77
95
100
59
53
93
100
63.5
82.5
54
97
70.5
63
87
63.25
86
99
84.5
96.5
95
37
62
98.5
71
99
15
71
100
99
99
95.5
12
40
95.5
89
97
65
86
93.5
100
99
74
97
77
85
97
81.2857142857143
51.5
94
97
75
82
97
48
72
95
72.75
95
82.5
100
93.5
90
86
72
87
98
43
80
95
93
59
97
74
98
100
99
45
99
51
86.75
75
96
82
99
61
99
50
77
97
45
86
99
98
79
100
79
95
91
96
97
79
75
73
98
99
96.5
100
76
100
83
86
82
50
94
72.25
100
85.6666666666667
99
93
86
93
78
65
47
96
35.5
98
97
100
99
98.5
95
97
80
92
59
95
94
87.5
76
79
66
95.5
98.5
92
73
85
76
98
96
87
97
100
100
61
100
97
100
86
73
95
98
100
99
80
97
89.5
69.5
100
94
46
96
87.5
78
100
88.5
83
3
42
89
99
54
94
80
92
96.5
97
58.5
12
90
83.5
97
97.5
99
97
100
88
88
76
92
98.5
68
2
74.5
88
96.5
65
23
100
61
99
92
86
99
86
24
80
57
77
36
88
80.5
52
76
85.5
100
53
39.5
96
50
99
50.5
38
62.5
83
93
75
96
88
93
94.75
59
99
48.5
79
88
100
98.25
87
75
50
92
23
15
92
95
83
93
71.5
86
65
98
100
98
84
62
4
100
93
46
100
3
100
89
26
83.5
94
63
83.3333333333333
79
100
99
82
70
0
60
75
90
92.5
99
95
97
98
87.5
10
53
40
61
94
75
92
35
100
88
96
70
76.5
79
50
89
75
100
100
95
91.5
99
99
100
51
98
81
75.75
90
64
87
89
100
50
98
85
89
99
1
100
83.5
95
100
99
54.5
92
99
76
81
92.5
85
82
99
99
66
73
35
92
84
71
94
49.5
99
75
100
79
99.5
100
25
99
100
100
99
97
100
78.5
99
90.5
53
68
96
100
40
36
2
20
70
4
85
99.5
58
95
76
99
86
97.5
92
94
78
62.5
89
89
70.5
94
60
94.5
66
96
99
86
95
99
55
52
89
86.375
86.5
99
98
15
100
82
93
93
92
66
98
100
99
94
94
99
81
98
42.5
46
58.5
86
53
95
84.3333333333333
87
80
55
27
88
100
100
65
16
92
86
72.5
98
91
99
56
95.5
91
92
99
100
99
84
87.5
96
75
97.5
75.5
81
99
61.5
51
94.5
75
94
46
94
80
95
72
92
99
89
97
94.5
0
38
89
44.5
4
97
39.5
98
79
99
97
98
25
57.75
99
86
96.5
27.5
50
98
84
83.6666666666667
85
92
86
75.5
98
100
98
66.3333333333333
98.5
100
99
85
66
98
26
96
99
67
99
89.5
93
99
51.5
96
92.5
11
47
91
91
99.5
93
96.5
99
73
89
96
89
89
30
94
58
65
80.6666666666667
58
47
96
73.5
83.5
99
88
95
85.5
85.25
91
100
71
68
95
59.5
74
59
94
54
85
87
83.5
75
69.5
93
53
89.5
87
100
86
57
3
97.5
77
90.25
97
88
19
93.5
99
96
100
10
25
7
67
100
25
100
96
74
80
93
61.5
47
77
82
72
83
89
89
55.3333333333333
95
75
98
100
60
97
100
60
85
72
23
100
42
36
100
54
69
78
96
90
90
99
94.3333333333333
99
91
100
99.6666666666667
100
79
96
65
94
96
48
89.5
99
97
56
83
16
97.75
97
100
95
99
98
55
98
99
54.5
76
77
77.5
100
62
99
72
93
93
94
78
95
56
22
81
19
41
91
41
94.5
22
95
81
99
100
78
95
79
74.5
90
86.6666666666667
62
78.5
50
74
53
92.5
99
82.5
100
45
88
93.75
82
3
79.5
75
67.3333333333333
100
2
87
79
50
55
92
96
89.6666666666667
89.375
78
45
44
82
57.5
43
74
48
56
25
49.3333333333333
76
75.5
56
58.5
88
90
72
5
26
97
16
80.5
16
90
75.5
69.5
86
88
98
99
98
33.5
88.5
18
6
85
93
31
55.3333333333333
99
87.5
83
100
37
23
92
49
10
64
99.5
51
97
58
50
58
45.3333333333333
80
95.5
96
98
41
75
76
32
87.5
80
97
95
73
98
77
95
89
99
47
3
100
51
66
91.75
58
75
63
1
76.5
32
99
86.5
87
81
75
46
90.75
91.5
95
89
25
37.75
78
34
92
89
68.5
99
100
77
97.5
100
52
99
89
97
100
99
99
89
99.5
99
86
51
75
100
98
65.5
94
100
93.5
68
50
87
73
6
75
99
70
97
99
91.3333333333333
65.6666666666667
100
45.5
59
95.5
100
86.5
84
74
85.6666666666667
89.5
100
71
96.5
100
96
95
88.5
100
80
87
86.5
57
65.5
94
96
24
92
93
99
18
84
5
79
98.5
58
26
75
25
100
78.5
93
96.25
90.75
84
85.5
26
88
49
79
76
10
77.5
51
99.5
52.5
89
72
95
61.2
58
59
9
99
97.5
38
50
87.5
100
56
99
100
52
47.5
78
95
99
100
98.6666666666667
98.5
73
95.5
90.5
58.5
95
40.5
89
100
85
100
96
75
14
80
71
77
89
99.5
51.5
90
100
49
92
99
100
98
96
100
98
92
98
61.5
77
77.5
98
98
97
95.5
70.3333333333333
100
70.6666666666667
3.5
99
94
50
92
85
79
98
86
98
43
6
97.5
50
100
82
30
85
41.3333333333333
92
7
79
15
59
48
93
50
83
61
94.5
74
59.5
69
78
71
88
100
100
79
51.5
85
65
98.5
94
96
85
63
85.5
100
73
94
73.5
50
83
92
48.6666666666667
93
63
25
93.5
86
26
77
50
50
72
22.5
61.6666666666667
54
64
87
77.5
4
67
26
88
1.5
100
100
57
55.5
28
5
73.5
39
74
99
100
66.5
64
69
98
73
69.3333333333333
78
96
99
91
97
99
84.5
92.5
92.5
65
96
74
26
85
99
99
88
97
70
65
97
74
85
96
26
36
93
95
99
100
86.5
98
95.5
80
98
75
68
79.5
81.5
48
87
77
50
68.5
97
99
83
89
91
64
92
90
77
99
99
34
94
46
88
100
65
87
70.6666666666667
96
81
57
58
64.5
93.5
100
100
82
100
3
92
96
52.5
47
100
73
53
97
92.5
5
97
63
75.5
9
100
87
64
12
100
22
75
96
82
88
97
100
31.5
82.5
11
78.5
97
67.5
86
9
63.5
100
0
53
55
100
100
95
57.5
100
83
97
99
64.5
85
39.5
98
90
92
58
12
87
21
69
7
72
99
99
46
100
96
63.5
93
37.5
45
99.5
23
94
48
92
14
68
55
49
70
59
62
49
87
99
70
75
79
100
23
92
93
39
39
100
72
97
98
100
51
85.5
61
23
92
25
75.5
26
99
77
65
74
99
97
58
89.5
100
98
96
93
51
98
50.5
65
99
97
94.5
96
93.5
92
90
80.5
96.5
93
91
83.5
84
100
100
100
62
86
46
25
77
77
90
99
89.75
99
79.6666666666667
100
97
99
67
66
94
50
44.5
79
70
96
98
95
97
58.5
72
98.5
24
99
87
59
100
76.5
81
79
100
83.5
80.5
87
96.5
100
78.5
33
87
79
81
89
98
71
15.5
100
88
71.3333333333333
98
100
81
98
88
98
83
75
94
83
75
98
92
86
83
75.8333333333333
71.75
67
89
59
92
76
93
91
97
5
88
91
93.5
99
99.5
100
51
99
96
96.5
87
95
99.75
86
99
80
84
77
98
82
70
90
94
40
97
96.5
81
50
76
100
46
96
72
98
90.5
96
88
54
97
79.5
97.5
97
99
100
91
91
98
87.5
75
98.5
68
100
93
55
75
99
90
98.5
78
68
90
77
95
78
46
79
26
100
99.5
51.5
74
99
87
4
97.5
50
72
50
0
85
97
86
76
78.5
61
55.5
85
77.5
72
65
97
29
69.5
74
50.5
98
75
62
71
51
87
100
73
65.5
100
85
51
50
85
97
65.75
100
94
98.5
72.5
14
99
13.5
78
83.5
33
67
47
67
62.3333333333333
45
96
86.5
97
79.5
94
50
60
91.5
88.5
100
83.5
57
43
50
100
25
72
44
60
75.5
72.5
75
90.5
71
85.25
92
98
46
92
40
93
99.5
35.5
72
89
94.5
97
50
90
88.5
89
100
49
4
60
96
100
74.5
56
99
76
89
100
100
99
96.5
84.5
67.5
88.5
87.5
57.6666666666667
100
54
50
12
78
29
77
64
3
75.5
67
59
14
75
96
52
99.5
100
93
99
51
78
99
77.5
92
78
100
99
91.75
20
79
100
49
85
87
100
99
66
98
74
50
79
88
0
97
76
27
49.3333333333333
73.6666666666667
92
72
67
100
64.5
100
62
100
36
56.5
85
95.75
88
59
98
63.5
50
55
4
29
52
99
27
99
93
11
87.5
76
99
88
99.5
94
92.5
52.5
90
100
98
96
93
96
96
95.5
100
100
74
25
33
75
37
87
100
58.5
79.5
27
62.5
99.5
50
83
73
91
94.5
99
82
91.3333333333333
89
75
50
75
100
89
36
96
79.75
77
74
55
99
96
97.5
99
26
51
60
99
65
53
51
99.5
97.5
86.5
25
29
99.5
52
92
7
99
4
89.5
95
99
88
99
76
93.25
74
100
54.6666666666667
49
80.5
77
74
61
90
96.5
97
54
78
99
78.5
75
68
53
1
50.5
77.5
69
18.5
47
100
99.3333333333333
97
24
99
15
3
100
99
59
97
68
100
86
99
95
50
95
95
50.5
79
63
77
97
96
87
77.5
100
21.5
72
72
45
84
75
95
92
99
76
40
3
75
95.25
83
99
34
75
100
90
88.6666666666667
100
57.5
89
100
81.5
71
67
86
43
84.5
78
78
79
82.8333333333333
73.5
86
99
100
96
91
89
100
99
100
94
88
98
98
80
52
81
96
94
89.75
98
96
99.5
100
75
100
84
99
79
83
99
84
98
99
87
100
99
90
100
74.5
99.5
25
64
98
62
85
84
92
82
96
84
99
73
80
98.5
83
63.6666666666667
99
95.75
90
57
75.5
99
89
75
47
100
78
73
52
88
43
87.3333333333333
97
72
95
79
85
99
73
84.6666666666667
78
41
68
99
90
99
81
76
96
35.5
0
98
74
96
78.6666666666667
90
71
91
0
69
91
99
38
93
80
99
82.5
100
84
94
41.5
33
96
74
78.5
99.5
62
98
98
65.5
100
38
94
87
49
95
82.6666666666667
63.5
89
88
29
99
75
88
83
82
98
79
88
45
99
94
83
94
81
98
98
82
64.75
36.5
83
98
64.5
89.5
96
90
85
98
99
88
77
90
67.5
96
72.3333333333333
77
65
42
69.5
42
37.3333333333333
77.5
69.5
81
97
50
3
89
57
34
84
87
75
100
100
84.5
65.5
72
100
93
36.5
93
51
2.5
22
75.5
43
82
69
95
49
89
52.5
97.5
100
78
99
46.5
14
96
87.5
96
95.75
83
100
55
68
33.5
79
98
99
74.5
81
95.5
3
93
83
96
71.5
75
91.5
71.5
99
91
100
88
85
75
40
76
79
82
22
76
94
79
74
87.5
87.5
88
94
22
71
98
48.25
78
72
25
97
76
51
92
26.5
92
100
52
80
36
83
72
28
74
8
78
72
62
77
45.75
53
98
96
51
49
94
14.5
88
92.5
62
94.5
91
100
74
97.5
4
12
77
25
49
87
80
83
99
55
100
52
97.5
88
99
76.5
77
74
93
69
91
35
96
3.5
85
94
69
87
99
88
85
81.5
20
56.5
86
11
8
52.5
43
55
99
99
75
98.5
61
71
